492 0.5546875 0.2048611044883728 1.0 0.9798610806465149
246 0.8421875238418579 0.20624999701976776 1.0 0.9041666388511658
498 0.514843761920929 0.19305555522441864 1.0 0.9736111164093018
252 0.8687500357627869 0.18611110746860504 1.0 0.8805555105209351
258 0.8750000596046448 0.18593749403953552 1.0 0.8777777552604675
504 0.4593750238418579 0.16597221791744232 0.9984375238418579 0.9527777433395386
264 0.8882812857627869 0.04305555298924446 1.0 0.8659722208976746
42 0.0 0.3218750059604645 0.09291992336511612 0.652430534362793
270 0.9343750476837158 0.2750000059604645 1.0 0.8631944060325623
510 0.42343753576278687 0.15625 0.9687500596046448 0.956250011920929
48 0.9062500596046448 0.5475694537162781 1.0 1.0
516 0.39140626788139343 0.16111110150814056 0.9343750476837158 0.9645833373069763
54 0.8593750596046448 0.4277777671813965 1.0 0.9972221851348877
522 0.3773437738418579 0.16805554926395416 0.9218750596046448 0.980555534362793
60 0.8281250596046448 0.3192708194255829 1.0 0.9958333373069763
528 0.37675783038139343 0.16805554926395416 0.9203125238418579 0.9791666269302368
66 0.792187511920929 0.33124998211860657 1.0 0.9951388835906982
534 0.37421876192092896 0.16944444179534912 0.9140625596046448 0.9749999642372131
72 0.7757812738418579 0.2874999940395355 0.9992188215255737 0.9944444298744202
540 0.36796876788139343 0.16597221791744232 0.9101563096046448 0.9749999642372131
78 0.7660156488418579 0.2569444477558136 1.0 0.9944444298744202
546 0.3515625298023224 0.16944444179534912 0.8929687738418579 0.9736111164093018
84 0.7390625476837158 0.27291667461395264 1.0 0.9944444298744202
552 0.3148437738418579 0.16527777910232544 0.8593750596046448 0.9847221970558167
558 0.26875001192092896 0.16249999403953552 0.8171875476837158 0.9923610687255859
90 0.6976562738418579 0.24722221493721008 0.9992188215255737 0.9958333373069763
564 0.20292970538139343 0.16111110150814056 0.7562500238418579 0.9958333373069763
96 0.6570312976837158 0.21666666865348816 1.0 0.9937499761581421
330 0.9218750596046448 0.19583332538604736 1.0 0.8944444060325623
570 0.16464844346046448 0.14513888955116272 0.7273437976837158 0.9944444298744202
102 0.6070312857627869 0.1527777761220932 1.0 0.9777777791023254
336 0.8609375357627869 0.08211805671453476 1.0 0.7749999761581421
576 0.13984376192092896 0.1180555522441864 0.7054687738418579 0.981249988079071
108 0.5640625357627869 0.14374999701976776 1.0 0.9520832896232605
342 0.7546875476837158 0.0034722222480922937 1.0 0.5993055701255798
582 0.1093750074505806 0.10000000149011612 0.6804687976837158 0.9722222089767456
114 0.5414062738418579 0.12708333134651184 0.9992188215255737 0.9423611164093018
588 0.09140625596046448 0.09861110895872116 0.6625000238418579 0.9777777791023254
120 0.5171875357627869 0.11666666716337204 1.0 0.9319444298744202
594 0.07734375447034836 0.09444444626569748 0.6531250476837158 0.9749999642372131
126 0.47343751788139343 0.11874999850988388 0.9992188215255737 0.9256944060325623
600 0.11835937947034836 0.14166666567325592 0.678906261920929 0.9958333373069763
132 0.42265626788139343 0.1215277761220932 0.9437500238418579 0.9256944060325623
606 0.1757812649011612 0.2743055522441864 0.7117187976837158 0.9944444298744202
138 0.38359376788139343 0.1284722238779068 0.9000000357627869 0.9388888478279114
612 0.24257813394069672 0.41111111640930176 0.7605469226837158 0.993055522441864
144 0.3460937738418579 0.13819444179534912 0.8640625476837158 0.9423611164093018
618 0.2906250059604645 0.48993054032325745 0.8250000476837158 0.993055522441864
624 0.3509765863418579 0.5708333253860474 0.8757812976837158 0.993055522441864
150 0.32890626788139343 0.14027777314186096 0.8429688215255737 0.9430555105209351
630 0.4335937798023224 0.6986110806465149 0.8460937738418579 0.9958333373069763
156 0.3242187798023224 0.14097222685813904 0.8343750238418579 0.9423611164093018
636 0.514843761920929 0.7819444537162781 0.8218750357627869 0.9986110925674438
162 0.3236328363418579 0.16111110150814056 0.8312500715255737 0.9541666507720947
168 0.3226562738418579 0.20277777314186096 0.8273438215255737 0.993055522441864
642 0.50390625 0.7736110687255859 0.8195313215255737 0.9986110925674438
648 0.42734378576278687 0.7395833134651184 0.7945312857627869 0.9937499761581421
174 0.3281250298023224 0.2604166567325592 0.8257812857627869 0.9937499761581421
654 0.40546876192092896 0.7298610806465149 0.7945312857627869 0.9937499761581421
180 0.3587890863418579 0.4368055462837219 0.8539062738418579 0.9937499761581421
660 0.3500000238418579 0.7027777433395386 0.7789062857627869 0.9958333373069763
186 0.3814453184604645 0.5944444537162781 0.8562500476837158 0.993055522441864
666 0.2865234613418579 0.668749988079071 0.7476562857627869 0.9951388835906982
192 0.4007812738418579 0.6486111283302307 0.8570312857627869 0.9944444298744202
672 0.32500001788139343 0.5756944417953491 0.8179687857627869 0.9923610687255859
198 0.4476562738418579 0.6930555701255798 0.8898438215255737 0.9958333373069763
678 0.44296878576278687 0.3604166507720947 0.9515625238418579 0.9951388835906982
432 0.7828125357627869 0.0972222238779068 1.0 0.8236110806465149
204 0.45468753576278687 0.7041666507720947 0.8882812857627869 0.9958333373069763
684 0.5835937857627869 0.20972222089767456 1.0 0.9902777671813965
438 0.8140625357627869 0.13750000298023224 1.0 0.8708333373069763
210 0.48593753576278687 0.7104166746139526 0.9289063215255737 0.9951388835906982
690 0.6941406726837158 0.19513888657093048 1.0 0.9368055462837219
444 0.8187500238418579 0.20624999701976776 1.0 0.9284722208976746
216 0.542187511920929 0.7076388597488403 0.9937500357627869 0.9951388835906982
696 0.7445312738418579 0.17430555820465088 0.9992188215255737 0.9159722328186035
450 0.8140625357627869 0.24374999105930328 1.0 0.9520832896232605
222 0.5921875238418579 0.6451388597488403 1.0 0.9951388835906982
456 0.784375011920929 0.24166665971279144 1.0 0.9638888835906982
702 0.7710937857627869 0.19305555522441864 0.9992188215255737 0.9201388955116272
228 0.6625000238418579 0.5097222328186035 1.0 0.9944444298744202
708 0.7671875357627869 0.17638888955116272 1.0 0.9222221970558167
234 0.7503906488418579 0.36319443583488464 1.0 0.9951388835906982
