6 1344.0 198.75 1713.0 556.875
12 1345.5 200.25 1714.5 556.875
18 1345.5 199.125 1714.5 556.5
8124 0.0 16.5 1764.0 601.5
24 1344.0 198.375 1716.0 557.25
8130 8.4375 11.25 1797.0 849.75
30 1344.0 198.375 1716.0 557.25
8136 54.0 15.0 1837.5 850.5
36 1344.0 198.0 1714.5 556.5
42 1342.5 195.375 1713.0 556.5
8142 88.5 15.0 1890.0 850.5
8148 378.0 18.0 1920.0 846.0
48 1345.5 196.875 1713.0 556.5
8154 472.5 11.25 1737.0 848.25
4062 1270.5 98.25 1393.5 279.0
8160 559.5 6.0 1756.5 847.5
54 1345.5 198.0 1713.0 556.875
4068 1269.75 99.5625 1394.25 280.6875
8166 272.25 16.6875 1023.0 754.5
60 1344.0 198.375 1713.0 556.875
4074 1269.75 101.25 1395.75 282.75
8172 378.9375 11.25 1173.0 667.5
66 1344.0 198.375 1714.5 557.25
4080 1270.5 102.9375 1396.5 284.8125
8178 847.5 10.5 1319.25 680.25
72 1345.5 199.5 1714.5 557.25
4086 1272.0 104.4375 1398.0 287.0625
8184 433.875 13.5 1491.0 661.5
78 1345.5 199.5 1714.5 557.25
4092 1272.0 106.125 1398.0 288.375
8190 438.75 10.6875 1566.0 759.0
84 1345.5 199.5 1714.5 557.25
4098 1273.5 109.03125 1398.0 287.625
8196 1005.0 9.75 1560.0 801.75
90 1345.5 199.875 1714.5 557.25
4104 1273.5 109.96875 1399.5 289.125
8202 1048.5 6.75 1566.0 834.0
96 1345.5 199.5 1713.0 557.25
4110 1275.0 111.65625 1401.0 291.0
8208 364.5 0.0 1588.5 840.0
102 1345.5 199.125 1714.5 557.25
4116 1276.5 112.125 1402.5 294.0
8214 324.375 5.25 1719.0 807.0
108 1345.5 199.875 1713.0 556.875
4122 1278.0 113.4375 1404.0 296.0625
8220 375.9375 6.375 1911.0 730.875
114 1345.5 200.25 1713.0 556.5
4128 1278.0 114.5625 1405.5 298.3125
8226 0.0 4.5 1920.0 726.0
120 1345.5 199.5 1713.0 556.5
4134 1279.5 116.625 1405.5 299.25
8232 0.0 124.125 1514.25 624.75
126 1345.5 199.5 1713.0 557.25
4140 1280.25 118.125 1407.75 300.75
8238 4.125 128.4375 1587.0 629.25
132 1344.0 198.0 1713.0 557.25
4146 1279.5 120.1875 1408.5 302.0625
8244 9.5625 118.21875 1701.0 640.5
138 1344.0 198.375 1714.5 557.25
4152 1281.75 120.84375 1410.75 304.5
8250 33.1875 102.375 1723.5 659.25
144 1345.5 199.5 1714.5 556.5
8256 43.875 103.3125 1779.0 678.0
4158 1284.0 122.0625 1411.5 305.8125
150 1345.5 199.125 1714.5 556.5
8262 58.875 109.125 1917.0 743.25
4164 1285.5 123.375 1413.0 307.5
156 1345.5 199.5 1714.5 559.125
8268 132.28125 95.15625 1920.0 712.875
4170 1287.0 124.875 1413.0 309.75
162 1345.5 198.0 1714.5 559.125
8274 208.875 82.5 1920.0 672.0
4176 1288.5 126.375 1414.5 310.875
168 1345.5 198.0 1714.5 559.125
8280 250.5 81.1875 1920.0 671.625
4182 1288.5 128.4375 1416.0 312.1875
174 1345.5 198.0 1714.5 559.125
8286 293.625 69.375 1078.5 653.25
4188 1290.0 130.875 1416.0 313.875
180 1345.5 197.625 1714.5 559.125
4194 1291.5 132.5625 1417.5 315.5625
186 1344.0 197.25 1716.0 559.5
8292 331.125 64.875 1143.0 575.25
4200 1291.5 133.6875 1417.5 317.4375
192 1344.0 198.375 1716.0 559.125
8298 382.5 62.25 1185.75 243.1875
4206 1293.0 135.0 1417.5 319.125
198 1344.0 198.0 1714.5 558.75
8304 405.0 49.6875 1243.5 523.5
4212 1293.0 136.59375 1419.0 321.75
204 1344.0 197.625 1716.0 558.75
8310 469.5 57.375 1303.5 547.5
4218 1294.5 138.0 1420.5 323.625
210 1345.5 198.75 1716.0 558.75
8316 524.25 37.125 1719.0 562.5
4224 1294.5 139.78125 1422.0 325.875
216 1344.0 197.25 1714.5 558.75
8322 338.25 39.375 1839.0 545.25
4230 1294.5 141.84375 1423.5 327.75
222 1344.0 198.0 1714.5 558.75
8328 226.875 3.1875 1920.0 549.0
4236 1296.0 144.75 1425.0 328.875
228 1344.0 198.0 1714.5 558.75
8334 292.125 4.3125 1920.0 559.5
234 1344.0 199.125 1714.5 558.75
4242 1296.75 146.90625 1425.75 330.75
8340 366.375 13.734375 1294.5 559.5
240 1345.5 199.125 1714.5 559.5
4248 1297.5 148.03125 1426.5 332.625
8346 0.0 69.46875 1030.5 643.875
246 1344.0 199.125 1714.5 558.75
4254 1298.25 148.6875 1427.25 334.3125
8352 0.0 13.875 1066.5 679.5
252 1342.5 198.375 1714.5 558.75
4260 1299.0 150.0 1428.0 335.625
8358 67.921875 22.3125 1105.5 696.0
258 1344.0 198.375 1714.5 558.75
4266 1299.0 150.5625 1431.0 336.1875
8364 846.0 215.625 1440.0 666.0
264 1344.0 198.75 1714.5 558.75
4272 1300.5 152.34375 1431.0 337.5
8370 891.75 202.125 1497.75 616.5
4278 888.0 292.5 1093.5 482.25
270 1342.5 197.25 1714.5 558.75
8376 0.9375 48.28125 203.625 844.5
276 1344.0 197.25 1714.5 559.5
4284 883.5 298.875 1090.5 486.375
8382 28.96875 21.75 973.5 821.25
4290 877.5 305.25 1083.0 489.75
282 1345.5 199.125 1714.5 559.5
8388 1269.0 96.28125 1392.0 276.375
4296 871.5 307.3125 1078.5 495.0
288 1344.0 198.0 1714.5 559.5
8394 1269.0 97.875 1393.5 278.625
4302 864.0 308.625 1071.0 499.875
294 1344.0 198.375 1714.5 559.5
8400 1269.75 99.0 1394.25 280.5
4308 859.5 313.875 1066.5 503.625
300 1345.5 198.75 1714.5 559.5
8406 1269.0 100.96875 1395.0 282.375
4314 855.0 321.9375 1062.0 509.25
306 1344.0 196.5 1713.0 557.625
8412 1270.5 102.375 1396.5 284.625
312 1344.0 196.5 1713.0 557.25
4320 849.0 327.1875 1053.0 514.5
8418 1272.0 103.96875 1396.5 286.875
318 1344.0 195.75 1713.0 557.25
4326 842.25 332.25 1049.25 519.0
8424 1272.0 106.03125 1398.0 288.375
324 1344.0 196.5 1713.0 557.25
4332 835.5 334.125 1045.5 524.625
8430 1273.5 108.375 1396.5 287.625
330 1344.0 196.5 1713.0 557.25
4338 831.0 340.125 1038.0 528.375
8436 1274.25 109.875 1398.75 288.75
336 1344.0 195.0 1713.0 557.25
4344 825.0 343.875 1032.0 533.625
8442 1275.0 111.375 1401.0 290.625
342 1344.0 195.0 1713.0 557.25
4350 819.0 346.875 1023.0 538.125
8448 1275.75 112.3125 1401.75 292.6875
348 1344.0 195.375 1713.0 557.625
4356 811.5 354.75 1021.5 543.75
8454 1277.25 113.25 1403.25 295.875
354 1344.0 195.375 1713.0 557.25
4362 807.0 357.0 1017.0 548.25
8460 1278.0 114.5625 1405.5 297.9375
360 1345.5 196.875 1713.0 557.625
4368 802.5 360.75 1011.0 552.75
8466 1278.75 116.34375 1406.25 299.25
4374 795.0 366.375 1005.0 557.625
8472 1279.5 117.75 1407.0 300.375
4380 789.0 372.75 1000.5 561.75
8478 1279.5 119.625 1408.5 301.875
4386 783.0 376.125 996.0 566.625
8484 1281.75 120.75 1410.75 304.125
4392 777.75 378.375 989.25 571.875
8490 1282.5 121.78125 1411.5 305.625
390 0.0 9.75 50.4375 681.0
4398 771.0 381.75 981.0 576.75
396 0.0 6.0 49.640625 677.25
8496 1285.5 123.0 1413.0 307.125
4404 765.0 390.75 975.0 581.25
402 0.0 6.75 47.578125 676.125
8502 1287.0 124.6875 1413.0 309.1875
4410 760.5 395.25 972.0 585.0
408 0.0 7.875 46.453125 669.75
8508 1288.5 126.09375 1414.5 310.5
4416 754.5 400.5 964.5 589.5
414 0.0 3.0 838.5 671.25
8514 1289.25 128.25 1415.25 312.0
4422 748.125 402.375 958.5 595.125
420 0.0 3.75 41.53125 665.25
8520 1289.25 130.5 1416.75 313.875
4428 738.75 404.25 951.75 599.25
426 0.0 12.0 40.3359375 657.75
4434 735.75 408.375 948.75 604.125
8526 1291.5 132.46875 1417.5 315.375
432 0.0 13.5 37.828125 601.5
4440 730.5 419.25 942.0 608.25
8532 1291.5 132.84375 1417.5 317.25
438 0.0 14.625 35.3671875 603.0
4446 724.5 420.75 939.0 612.75
8538 1293.0 134.90625 1419.0 318.75
8544 1293.0 136.3125 1419.0 321.1875
4452 717.75 426.375 930.75 618.375
8550 1294.5 137.8125 1420.5 323.8125
4458 96.0 366.75 1818.0 710.25
8556 1294.5 139.3125 1422.0 325.6875
4464 97.875 366.0 1818.0 710.25
8562 1295.25 141.375 1422.75 327.375
4470 99.375 365.25 1818.0 709.5
8568 1296.0 143.71875 1425.0 328.875
4476 101.25 365.25 1818.0 708.75
8574 1296.75 146.71875 1425.75 330.375
4482 102.75 363.0 1818.0 708.0
8580 1297.5 147.75 1426.5 332.25
4488 105.0 363.0 1818.0 707.25
8586 1298.25 148.5 1427.25 333.75
4494 106.875 362.25 1821.0 706.5
8592 1299.0 149.90625 1428.0 335.25
4500 108.375 361.5 1821.0 705.0
8598 1299.75 150.375 1430.25 336.0
4506 109.875 361.5 1821.0 705.0
8604 1300.5 151.6875 1821.0 1080.0
4512 111.375 361.125 1821.0 703.875
8610 890.25 291.75 1094.25 482.25
4518 112.125 361.5 1821.0 703.5
516 0.0 41.25 123.1875 313.125
8616 883.5 298.125 1090.5 486.375
4524 113.25 360.75 1821.0 702.75
8622 877.5 304.5 1084.5 489.75
4530 114.75 360.75 1819.5 702.0
8628 873.0 306.75 1078.5 494.25
4536 117.0 360.75 1821.0 701.25
534 0.0 46.875 133.875 312.75
8634 865.5 307.5 1072.5 499.5
4542 119.25 360.75 1821.0 699.75
4548 121.5 360.0 1821.0 699.0
8640 861.0 314.4375 1068.0 503.25
4554 122.25 360.0 1821.0 699.0
8646 855.0 318.1875 1062.0 508.5
4560 124.125 360.0 1821.0 697.5
8652 850.5 327.375 1057.5 513.375
4566 126.0 359.25 1821.0 696.75
8658 843.75 330.0 1050.75 519.0
4572 128.25 359.25 1821.0 696.0
8664 835.5 332.625 1045.5 524.625
8670 831.75 338.25 1040.25 528.0
8676 826.5 345.75 1033.5 534.0
8682 819.75 346.3125 1025.25 537.0
8688 812.25 353.25 1022.25 542.25
8694 808.5 355.5 1018.5 547.5
8700 802.5 360.75 1012.5 551.25
8706 796.5 365.25 1006.5 557.25
8712 788.25 369.75 999.75 561.0
8718 784.5 375.75 997.5 566.25
8724 778.5 378.75 991.5 572.25
8730 772.5 380.25 984.0 576.75
8736 766.875 389.25 976.5 580.5
8742 761.25 393.75 972.75 584.25
8748 755.25 400.875 965.25 587.625
8754 750.0 402.0 960.0 594.0
8760 742.125 405.0 952.5 598.5
8766 1632.0 352.5 1824.0 534.0
8772 1662.0 462.0 1824.0 535.5
8778 1662.0 462.0 1824.0 535.5
8784 1626.0 348.0 1824.0 536.25
690 402.75 243.0 1920.0 703.5
8790 1627.5 348.75 1824.0 537.0
696 402.0 243.5625 1920.0 703.5
8796 1632.0 351.0 1824.0 535.125
702 402.375 244.5 1920.0 704.25
8802 1630.5 351.375 1824.0 535.125
708 402.0 245.8125 1920.0 704.625
8808 1632.0 352.5 1824.0 534.75
714 401.25 246.0 1920.0 704.25
8814 1632.0 352.5 1824.0 534.0
720 401.25 246.0 1920.0 704.25
8820 1632.0 352.5 1824.0 534.0
726 401.25 246.1875 1920.0 704.625
732 513.75 246.75 1920.0 705.0
8826 1632.0 352.5 1824.0 534.75
8832 1630.5 352.5 1824.0 534.75
738 513.75 246.75 1918.5 704.625
744 513.75 247.3125 1917.0 704.625
8838 1630.5 352.5 1824.0 534.0
750 513.0 246.9375 1920.0 704.625
8844 1632.0 352.5 1824.0 533.25
756 513.0 248.0625 1918.5 705.0
8850 1632.0 352.5 1824.0 534.0
762 513.0 248.625 1917.0 705.0
8856 1632.0 352.5 1824.0 534.0
768 512.25 248.25 1914.0 705.75
8862 1632.0 352.5 1824.0 534.0
774 512.25 249.0 1914.0 705.75
8868 1632.0 352.125 1824.0 534.0
780 512.25 249.0 1912.5 706.5
8874 1632.0 352.125 1822.5 534.0
786 512.25 249.75 1912.5 705.75
8880 1632.0 352.125 1824.0 534.0
792 511.5 251.0625 1911.0 706.5
8886 1630.5 351.75 1824.0 534.0
798 511.5 251.625 1917.0 706.125
8892 1630.5 352.5 1824.0 534.0
804 510.75 251.625 1917.0 706.5
8898 1630.5 352.5 1824.0 534.0
810 510.75 252.0 1917.0 706.5
8904 1630.5 352.5 1824.0 534.0
816 510.75 253.125 1917.0 707.25
8910 1630.5 352.5 1822.5 534.0
822 510.0 254.0625 1915.5 707.25
8916 1632.0 352.125 1824.0 534.0
828 510.0 254.25 1915.5 708.0
8922 1632.0 352.125 1824.0 534.0
834 510.0 254.0625 1917.0 708.75
8928 1632.0 352.125 1824.0 534.0
840 508.5 255.75 1917.0 708.75
8934 1632.0 352.5 1824.0 533.25
846 509.25 255.1875 1917.0 709.125
852 508.5 258.0 1917.0 709.5
858 508.5 255.75 1917.0 709.5
864 507.75 256.5 1917.0 709.875
870 507.75 257.25 1917.0 709.875
876 507.0 258.1875 1918.5 709.5
882 506.25 258.75 1918.5 709.875
888 506.25 259.3125 1920.0 710.25
894 506.25 260.0625 1920.0 710.25
900 506.25 259.5 1920.0 710.25
906 505.5 260.25 1920.0 710.625
912 505.5 259.875 1680.0 710.25
4938 298.5 459.0 430.125 568.5
1044 1267.5 95.625 1390.5 274.875
1050 1269.0 97.03125 1392.0 277.125
1056 1269.75 98.4375 1394.25 279.1875
1062 1269.75 99.84375 1394.25 281.25
1068 1269.75 101.625 1395.75 283.125
1074 1270.5 102.9375 1396.5 285.1875
1080 1272.0 104.34375 1398.0 287.25
1086 1272.75 106.5 1398.75 288.75
1092 1273.5 108.84375 1398.0 288.0
1098 1273.5 110.25 1399.5 289.5
1104 1275.0 111.75 1401.0 291.375
1110 1275.75 112.5 1403.25 294.375
1116 1278.0 113.625 1404.0 296.25
1122 1278.0 114.75 1405.5 298.5
1128 1279.5 116.8125 1405.5 299.8125
1134 1280.25 118.125 1407.75 301.125
1140 1281.0 120.5625 1408.5 302.0625
1146 1282.5 121.125 1411.5 304.875
1152 1284.0 122.34375 1413.0 306.0
1158 1285.5 123.46875 1413.0 307.875
1164 1287.0 124.875 1413.0 309.75
1170 1288.5 126.9375 1414.5 311.4375
1176 1288.5 128.90625 1416.0 312.75
1182 1290.0 131.0625 1416.0 314.4375
1188 1291.5 132.75 1417.5 315.75
1194 1291.5 134.25 1417.5 317.625
1200 1293.0 135.1875 1419.0 319.3125
1206 1293.0 137.0625 1419.0 321.9375
1212 1294.5 138.46875 1420.5 324.375
1218 1294.5 140.34375 1422.0 326.25
1224 1294.5 142.21875 1423.5 328.125
1230 1296.0 144.75 1425.0 329.25
1236 1296.75 146.90625 1425.75 330.75
1242 1297.5 147.75 1426.5 332.625
1248 1299.0 148.875 1428.0 334.5
1254 1299.0 150.0 1428.0 334.875
1260 1299.0 150.75 1431.0 336.375
1266 1300.5 152.34375 1431.0 337.5
1272 888.0 294.0 1092.0 483.0
1278 882.0 299.25 1089.0 487.5
1284 876.0 305.625 1083.0 490.875
1290 871.5 305.8125 1075.5 496.5
1296 863.25 309.75 1070.25 501.0
1302 859.5 315.0 1066.5 504.75
1308 853.5 322.6875 1060.5 510.0
1314 849.0 327.75 1056.0 515.25
1320 841.5 331.125 1048.5 520.125
1326 835.5 334.5 1044.0 525.0
1332 831.0 340.5 1038.0 529.5
1338 825.0 345.75 1032.0 534.75
1344 817.5 350.25 1024.5 539.25
1350 1341.0 195.375 1713.0 556.875
1356 1341.0 195.375 1713.0 557.625
1362 1341.0 195.375 1713.0 557.25
1368 1341.0 196.125 1713.0 557.25
1374 1341.0 195.375 1714.5 556.5
1380 1341.0 196.5 1714.5 556.5
1386 1344.0 198.0 1713.0 557.25
1392 1344.0 197.625 1714.5 557.25
1398 1342.5 197.625 1714.5 556.875
1404 1342.5 198.375 1716.0 556.125
1410 1344.0 198.375 1716.0 556.125
1416 1344.0 199.125 1716.0 555.75
1422 1342.5 198.75 1716.0 555.75
1428 1342.5 198.75 1716.0 555.75
1434 1342.5 198.375 1713.0 555.75
1440 1344.0 198.75 1713.0 555.75
1446 1344.0 198.75 1713.0 555.75
1452 1344.0 199.5 1713.0 555.75
1458 1341.0 198.0 1716.0 555.75
1464 1342.5 199.5 1713.0 555.75
1470 1342.5 199.5 1713.0 555.75
1476 1342.5 200.25 1713.0 555.75
1482 1342.5 199.5 1713.0 555.75
1488 1342.5 199.875 1713.0 555.75
1494 1342.5 199.5 1713.0 556.125
1500 1344.0 198.75 1714.5 556.5
1506 1342.5 198.0 1716.0 556.5
1512 1342.5 199.125 1714.5 556.5
1518 1342.5 198.75 1713.0 556.5
1524 1635.0 353.625 1824.0 531.75
1530 1635.0 354.0 1824.0 532.5
1536 1635.0 353.25 1824.0 534.0
1542 1635.0 352.5 1824.0 533.25
1548 1635.0 352.5 1824.0 533.625
1554 1635.0 352.5 1824.0 534.0
1560 1635.0 353.25 1824.0 534.0
1566 1635.0 353.25 1824.0 533.625
1572 1635.0 352.875 1824.0 532.875
1578 1635.0 352.5 1824.0 533.25
1584 1635.0 352.5 1824.0 533.625
1590 1635.0 352.5 1824.0 533.625
1596 1635.0 352.5 1824.0 533.25
1602 1635.0 353.25 1824.0 533.25
1608 1635.0 353.25 1824.0 533.25
1614 1635.0 353.25 1824.0 533.25
1620 1638.0 354.0 1824.0 532.875
1626 1635.0 354.0 1824.0 533.25
1632 1636.5 354.75 1824.0 532.875
1638 1635.0 353.25 1824.0 532.875
1644 1632.0 352.5 1824.0 532.875
1650 1635.0 354.0 1824.0 532.5
1656 1635.0 354.0 1824.0 532.5
1662 1635.0 354.0 1824.0 532.5
1668 1635.0 354.0 1824.0 532.5
1674 1635.0 354.0 1824.0 532.5
1680 1635.0 354.0 1824.0 532.5
1686 1635.0 354.0 1824.0 532.5
1692 1632.0 353.25 1824.0 532.5
1698 1632.0 352.875 1824.0 531.75
1704 1635.0 353.25 1824.0 532.5
1710 1635.0 354.0 1824.0 532.5
1716 1635.0 354.0 1824.0 532.5
1722 1635.0 354.0 1824.0 532.5
1728 1635.0 354.0 1824.0 532.5
1734 1635.0 354.0 1824.0 532.5
1740 1635.0 354.0 1824.0 532.5
1746 1635.0 354.0 1824.0 532.125
1752 1635.0 354.0 1824.0 532.5
1758 1635.0 354.0 1824.0 533.25
1764 1635.0 354.0 1824.0 533.25
1770 1638.0 354.75 1824.0 533.25
1776 1635.0 354.0 1824.0 533.25
1782 1635.0 354.0 1824.0 533.25
1788 1635.0 354.0 1824.0 532.5
1794 1635.0 354.0 1824.0 532.5
1800 1635.0 354.0 1824.0 533.25
1806 1635.0 354.0 1824.0 533.25
