6 1345.5 199.5 1714.5 559.125
12 1345.5 198.0 1714.5 559.125
18 1345.5 198.0 1714.5 559.125
24 1345.5 198.0 1714.5 559.125
2304 1633.5 353.25 1824.0 533.25
2310 1633.5 353.25 1824.0 533.625
30 1345.5 197.625 1714.5 559.125
2316 1633.5 354.0 1824.0 534.0
1152 859.5 315.0 1066.5 504.75
36 1344.0 197.25 1716.0 559.5
1158 853.5 322.6875 1060.5 510.0
2322 1635.0 354.0 1824.0 533.625
42 1344.0 198.375 1716.0 559.125
1164 849.0 327.75 1056.0 515.25
2328 1633.5 354.0 1824.0 533.625
48 1344.0 198.0 1714.5 558.75
1170 841.5 331.125 1048.5 520.125
2334 1633.5 354.375 1824.0 533.25
54 1344.0 197.625 1716.0 558.75
1176 835.5 334.5 1044.0 525.0
2340 1633.5 354.0 1824.0 533.625
60 1345.5 198.75 1716.0 558.75
1182 831.0 340.5 1038.0 529.5
2346 1633.5 354.0 1824.0 533.25
66 1344.0 197.25 1714.5 558.75
1188 825.0 345.75 1032.0 534.75
2352 1633.5 354.0 1824.0 533.625
72 1344.0 198.0 1714.5 558.75
2358 1632.0 352.875 1824.0 533.625
1194 817.5 350.25 1024.5 539.25
78 1344.0 198.0 1714.5 558.75
2364 1632.0 352.875 1824.0 533.625
1200 1341.0 195.375 1713.0 556.875
84 1344.0 199.125 1714.5 558.75
1206 1341.0 195.375 1713.0 557.625
2370 1632.0 353.25 1824.0 533.625
90 1345.5 199.125 1714.5 559.5
1212 1341.0 195.375 1713.0 557.25
2376 1632.0 353.25 1824.0 533.625
96 1344.0 199.125 1714.5 558.75
1218 1341.0 196.125 1713.0 557.25
2382 1633.5 354.0 1824.0 533.625
102 1342.5 198.375 1714.5 558.75
1224 1341.0 195.375 1714.5 556.5
2388 1633.5 354.0 1824.0 533.625
108 1344.0 198.375 1714.5 558.75
1230 1341.0 196.5 1714.5 556.5
2394 1633.5 354.0 1824.0 533.25
114 1344.0 198.75 1714.5 558.75
1236 1344.0 198.0 1713.0 557.25
2400 1635.0 354.75 1824.0 533.625
120 1342.5 197.25 1714.5 558.75
1242 1344.0 197.625 1714.5 557.25
2406 1633.5 354.0 1824.0 533.25
126 1344.0 197.25 1714.5 559.5
1248 1342.5 197.625 1714.5 556.875
2412 1633.5 354.0 1824.0 533.625
132 1345.5 199.125 1714.5 559.5
1254 1342.5 198.375 1716.0 556.125
2418 1633.5 354.0 1824.0 533.625
138 1344.0 198.0 1714.5 559.5
1260 1344.0 198.375 1716.0 556.125
2424 1635.0 353.625 1824.0 534.375
144 1344.0 198.375 1714.5 559.5
1266 1344.0 199.125 1716.0 555.75
150 1345.5 198.75 1714.5 559.5
2430 1635.0 352.5 1824.0 534.375
1272 1342.5 198.75 1716.0 555.75
156 1344.0 196.5 1713.0 557.625
2436 1632.0 352.875 1824.0 534.375
1278 1342.5 198.75 1716.0 555.75
162 1344.0 196.5 1713.0 557.25
2442 1635.0 353.25 1824.0 534.375
1284 1342.5 198.375 1713.0 555.75
168 1344.0 195.75 1713.0 557.25
2448 1635.0 353.25 1824.0 534.0
1290 1344.0 198.75 1713.0 555.75
174 1344.0 196.5 1713.0 557.25
2454 1635.0 353.25 1824.0 534.0
1296 1344.0 198.75 1713.0 555.75
180 1344.0 196.5 1713.0 557.25
2460 1635.0 353.25 1824.0 534.0
1302 1344.0 199.5 1713.0 555.75
186 1344.0 195.0 1713.0 557.25
2466 1635.0 353.25 1824.0 534.0
1308 1341.0 198.0 1716.0 555.75
192 1344.0 195.0 1713.0 557.25
2472 1635.0 353.25 1824.0 534.0
1314 1342.5 199.5 1713.0 555.75
198 1344.0 195.375 1713.0 557.625
2478 1635.0 354.0 1824.0 534.75
1320 1342.5 199.5 1713.0 555.75
204 1344.0 195.375 1713.0 557.25
2484 1635.0 354.0 1824.0 535.125
1326 1342.5 200.25 1713.0 555.75
210 1345.5 196.875 1713.0 557.625
2490 1635.0 354.0 1824.0 535.125
1332 1342.5 199.5 1713.0 555.75
2496 1635.0 354.0 1824.0 535.125
1338 1342.5 199.875 1713.0 555.75
2502 1632.0 353.25 1824.0 534.75
1344 1342.5 199.5 1713.0 556.125
2508 1632.0 354.0 1824.0 534.75
1350 1344.0 198.75 1714.5 556.5
1356 1342.5 198.0 1716.0 556.5
2514 1635.0 354.0 1824.0 534.75
240 0.0 9.75 50.4375 681.0
1362 1342.5 199.125 1714.5 556.5
2520 1635.0 354.75 1824.0 535.125
246 0.0 6.0 49.640625 677.25
1368 1342.5 198.75 1713.0 556.5
2526 1633.5 354.75 1824.0 535.125
252 0.0 6.75 47.578125 676.125
1374 1635.0 353.625 1824.0 531.75
2532 1633.5 354.375 1824.0 535.125
258 0.0 7.875 46.453125 669.75
1380 1635.0 354.0 1824.0 532.5
2538 1635.0 354.75 1824.0 535.5
264 0.0 3.0 838.5 671.25
1386 1635.0 353.25 1824.0 534.0
2544 1633.5 354.75 1824.0 535.5
270 0.0 3.75 41.53125 665.25
1392 1635.0 352.5 1824.0 533.25
2550 1633.5 354.75 1824.0 535.875
276 0.0 12.0 40.3359375 657.75
1398 1635.0 352.5 1824.0 533.625
2556 1633.5 354.75 1824.0 535.5
282 0.0 13.5 37.828125 601.5
1404 1635.0 352.5 1824.0 534.0
2562 1633.5 354.0 1824.0 535.875
288 0.0 14.625 35.3671875 603.0
1410 1635.0 353.25 1824.0 534.0
2568 1633.5 354.0 1824.0 535.5
1416 1635.0 353.25 1824.0 533.625
2574 1633.5 353.25 1824.0 535.5
1422 1635.0 352.875 1824.0 532.875
2580 1633.5 353.25 1824.0 535.5
1428 1635.0 352.5 1824.0 533.25
2586 1633.5 353.25 1824.0 535.5
1434 1635.0 352.5 1824.0 533.625
2592 1633.5 353.25 1825.5 535.5
1440 1635.0 352.5 1824.0 533.625
2598 1633.5 353.25 1824.0 535.5
1446 1635.0 352.5 1824.0 533.25
2604 1633.5 354.0 1825.5 535.5
1452 1635.0 353.25 1824.0 533.25
2610 1633.5 353.25 1824.0 535.5
1458 1635.0 353.25 1824.0 533.25
2616 0.0 113.625 1888.5 369.375
1464 1635.0 353.25 1824.0 533.25
2622 14.4375 129.0 1896.0 402.375
1470 1638.0 354.0 1824.0 532.875
2628 55.125 139.875 1917.0 422.25
1476 1635.0 354.0 1824.0 533.25
2634 99.0 148.125 1920.0 437.25
1482 1636.5 354.75 1824.0 532.875
2640 146.25 141.0 1536.0 449.625
366 0.0 41.25 123.1875 313.125
1488 1635.0 353.25 1824.0 532.875
2646 194.4375 134.4375 1594.5 470.25
1494 1632.0 352.5 1824.0 532.875
2652 232.5 130.875 1630.5 437.25
1500 1635.0 354.0 1824.0 532.5
384 0.0 46.875 133.875 312.75
2658 261.375 123.375 1638.0 440.25
1506 1635.0 354.0 1824.0 532.5
2664 300.75 120.0 1653.0 399.75
1512 1635.0 354.0 1824.0 532.5
1518 1635.0 354.0 1824.0 532.5
2670 510.75 114.75 1681.5 421.5
1524 1635.0 354.0 1824.0 532.5
2676 533.625 115.875 1716.0 419.25
1530 1635.0 354.0 1824.0 532.5
2682 549.75 97.125 1735.5 400.875
1536 1635.0 354.0 1824.0 532.5
2688 0.0 20.25 1761.0 538.875
1542 1632.0 353.25 1824.0 532.5
2694 0.0 12.0 1788.0 845.25
1548 1632.0 352.875 1824.0 531.75
2700 44.625 11.25 1830.0 852.0
1554 1635.0 353.25 1824.0 532.5
2706 81.046875 18.0 1878.0 849.0
1560 1635.0 354.0 1824.0 532.5
2712 357.0 14.25 1920.0 849.0
1566 1635.0 354.0 1824.0 532.5
2718 461.25 15.0 1735.5 849.0
1572 1635.0 354.0 1824.0 532.5
2724 543.0 6.75 1752.0 846.0
1578 1635.0 354.0 1824.0 532.5
2730 255.5625 4.5 999.0 778.5
1584 1635.0 354.0 1824.0 532.5
2736 798.0 8.25 1149.0 683.25
2742 838.5 13.875 1288.5 671.625
1590 1635.0 354.0 1824.0 532.5
1596 1635.0 354.0 1824.0 532.125
2748 427.5 10.125 1473.0 663.75
2754 429.0 11.25 1558.5 724.5
1602 1635.0 354.0 1824.0 532.5
2760 997.5 10.5 1563.0 790.5
1608 1635.0 354.0 1824.0 533.25
2766 1039.5 15.75 1566.0 826.5
1614 1635.0 354.0 1824.0 533.25
2772 356.0625 4.5 1581.0 840.0
1620 1638.0 354.75 1824.0 533.25
2778 611.25 14.25 1684.5 810.75
1626 1635.0 354.0 1824.0 533.25
2784 651.0 7.3125 1875.0 738.0
1632 1635.0 354.0 1824.0 533.25
2790 1299.75 3.9375 1920.0 716.25
1638 1635.0 354.0 1824.0 532.5
2796 0.0 122.25 1501.5 622.875
1644 1635.0 354.0 1824.0 532.5
2802 0.234375 128.625 1564.5 631.125
1650 1635.0 354.0 1824.0 533.25
2808 3.84375 126.75 1690.5 642.0
1656 1635.0 354.0 1824.0 533.25
540 402.75 243.0 1920.0 703.5
2814 11.9296875 105.75 1728.0 660.0
546 402.0 243.5625 1920.0 703.5
2820 41.4375 97.5 1764.0 669.0
552 402.375 244.5 1920.0 704.25
2826 55.5 108.0 1893.0 739.5
558 402.0 245.8125 1920.0 704.625
2832 148.59375 112.875 1920.0 729.0
564 401.25 246.0 1920.0 704.25
2838 196.125 87.75 1920.0 675.0
570 401.25 246.0 1920.0 704.25
2844 245.8125 82.125 1920.0 678.75
576 401.25 246.1875 1920.0 704.625
2850 286.5 70.5 1067.25 652.5
582 513.75 246.75 1920.0 705.0
2856 323.4375 64.875 1135.5 585.0
588 513.75 246.75 1918.5 704.625
2862 347.8125 60.1875 1180.5 532.5
594 513.75 247.3125 1917.0 704.625
2868 398.25 49.078125 1233.0 525.0
2874 460.5 54.75 1294.5 540.75
600 513.0 246.9375 1920.0 704.625
2880 515.25 42.0 1698.0 567.0
606 513.0 248.0625 1918.5 705.0
2886 334.6875 39.375 1821.0 542.25
612 513.0 248.625 1917.0 705.0
2892 210.0 2.953125 1918.5 546.75
618 512.25 248.25 1914.0 705.75
624 512.25 249.0 1914.0 705.75
2898 279.5625 4.5 1920.0 555.0
630 512.25 249.0 1912.5 706.5
2904 360.75 6.9375 1626.0 549.0
636 512.25 249.75 1912.5 705.75
2910 0.0 60.75 1032.0 633.0
642 511.5 251.0625 1911.0 706.5
2916 0.0 7.3125 1054.5 676.5
648 511.5 251.625 1917.0 706.125
2922 22.5 18.1875 1094.25 693.0
654 510.75 251.625 1917.0 706.5
2928 841.5 214.875 1428.75 698.25
660 510.75 252.0 1917.0 706.5
2934 885.75 206.625 1489.5 606.75
666 510.75 253.125 1917.0 707.25
672 510.0 254.0625 1915.5 707.25
2946 20.71875 23.0625 834.0 637.875
678 510.0 254.25 1915.5 708.0
2952 0.0 11.90625 1249.5 815.25
684 510.0 254.0625 1917.0 708.75
690 508.5 255.75 1917.0 708.75
696 509.25 255.1875 1917.0 709.125
702 508.5 258.0 1917.0 709.5
708 508.5 255.75 1917.0 709.5
714 507.75 256.5 1917.0 709.875
720 507.75 257.25 1917.0 709.875
726 507.0 258.1875 1918.5 709.5
732 506.25 258.75 1918.5 709.875
738 506.25 259.3125 1920.0 710.25
744 506.25 260.0625 1920.0 710.25
750 506.25 259.5 1920.0 710.25
1872 761.25 14.34375 824.25 119.15625
756 505.5 260.25 1920.0 710.625
762 505.5 259.875 1680.0 710.25
894 1267.5 95.625 1390.5 274.875
900 1269.0 97.03125 1392.0 277.125
906 1269.75 98.4375 1394.25 279.1875
912 1269.75 99.84375 1394.25 281.25
918 1269.75 101.625 1395.75 283.125
924 1270.5 102.9375 1396.5 285.1875
930 1272.0 104.34375 1398.0 287.25
936 1272.75 106.5 1398.75 288.75
942 1273.5 108.84375 1398.0 288.0
948 1273.5 110.25 1399.5 289.5
954 1275.0 111.75 1401.0 291.375
960 1275.75 112.5 1403.25 294.375
3228 1630.5 354.0 1825.5 534.75
966 1278.0 113.625 1404.0 296.25
3234 1630.5 353.25 1827.0 535.125
972 1278.0 114.75 1405.5 298.5
3240 1632.0 353.25 1827.0 534.75
978 1279.5 116.8125 1405.5 299.8125
3246 1632.0 354.0 1824.0 534.75
984 1280.25 118.125 1407.75 301.125
3252 1633.5 353.25 1824.0 534.375
990 1281.0 120.5625 1408.5 302.0625
3258 1635.0 354.75 1824.0 534.375
996 1282.5 121.125 1411.5 304.875
3264 1632.0 354.0 1824.0 534.75
1002 1284.0 122.34375 1413.0 306.0
1008 1285.5 123.46875 1413.0 307.875
3270 1633.5 354.0 1824.0 534.75
1014 1287.0 124.875 1413.0 309.75
3276 1633.5 354.0 1825.5 534.75
2124 1608.0 1033.5 1842.0 1080.0
1020 1288.5 126.9375 1414.5 311.4375
3282 1632.0 352.5 1825.5 534.75
2130 1624.5 1032.75 1828.5 1079.25
3288 1632.0 353.25 1824.0 534.75
1026 1288.5 128.90625 1416.0 312.75
2136 1546.5 1033.5 1819.5 1078.5
3294 1630.5 352.5 1824.0 534.75
1032 1290.0 131.0625 1416.0 314.4375
3300 1630.5 352.5 1824.0 534.75
1038 1291.5 132.75 1417.5 315.75
2148 1505.25 1033.5 1794.0 1078.5
3306 1630.5 352.5 1824.0 534.75
1044 1291.5 134.25 1417.5 317.625
3312 1630.5 352.5 1824.0 534.75
1050 1293.0 135.1875 1419.0 319.3125
2160 1581.0 1032.0 1779.0 1077.0
3318 1630.5 352.5 1824.0 534.75
1056 1293.0 137.0625 1419.0 321.9375
2166 1578.0 1030.5 1776.0 1077.0
3324 1629.0 351.75 1824.0 534.75
1062 1294.5 138.46875 1420.5 324.375
2172 1506.0 1030.5 1779.0 1078.5
3330 1629.0 351.75 1824.0 534.75
1068 1294.5 140.34375 1422.0 326.25
2178 1558.5 1031.25 1777.5 1077.75
3336 1629.0 351.75 1824.0 534.75
1074 1294.5 142.21875 1423.5 328.125
2184 1551.0 1031.25 1782.0 1077.75
3342 1629.0 351.75 1824.0 534.75
1080 1296.0 144.75 1425.0 329.25
2190 1464.0 1032.0 1779.0 1080.0
3348 1629.0 351.75 1824.0 534.75
1086 1296.75 146.90625 1425.75 330.75
2196 1483.5 1034.25 1783.5 1079.25
3354 1629.0 351.75 1824.0 534.75
1092 1297.5 147.75 1426.5 332.625
2202 1518.0 1031.25 1782.0 1077.75
3360 1632.0 351.75 1824.0 534.375
1098 1299.0 148.875 1428.0 334.5
2208 1425.75 1032.75 1785.0 1079.25
3366 1629.0 351.75 1824.0 534.375
1104 1299.0 150.0 1428.0 334.875
3372 1632.0 351.75 1824.0 534.375
1110 1299.0 150.75 1431.0 336.375
3378 1629.0 351.75 1824.0 534.375
1116 1300.5 152.34375 1431.0 337.5
3384 1629.0 351.75 1824.0 534.375
1122 888.0 294.0 1092.0 483.0
3390 1629.0 351.375 1824.0 534.375
1128 882.0 299.25 1089.0 487.5
3396 1632.0 351.75 1824.0 534.375
1134 876.0 305.625 1083.0 490.875
3402 1632.0 351.75 1824.0 534.375
1140 871.5 305.8125 1075.5 496.5
3408 1632.0 351.75 1824.0 534.375
