36 0.22421874105930328 0.21910156309604645 0.764843761920929 0.6756787300109863
42 0.224609375 0.5016455054283142 0.6703124642372131 0.6753320693969727
48 0.224609375 0.5019921660423279 0.6710937023162842 0.6753320693969727
54 0.224609375 0.5006054639816284 0.6710937023162842 0.6746386289596558
60 0.224609375 0.4999121427536011 0.671875 0.6746386289596558
66 0.22539062798023224 0.49852538108825684 0.6734374761581421 0.6739453077316284
72 0.22578124701976776 0.21546141803264618 0.768750011920929 0.6742920279502869
78 0.22617186605930328 0.2128613293170929 0.768750011920929 0.6746386289596558
84 0.22617186605930328 0.2113012671470642 0.76953125 0.6739453077316284
90 0.2265625 0.20835450291633606 0.76953125 0.6732519268989563
96 0.22695311903953552 0.2080078274011612 0.767578125 0.672558605670929
102 0.2265625 0.2069677710533142 0.7671874761581421 0.672558605670929
132 0.220703125 0.2069677710533142 0.758593738079071 0.6656250357627869
108 0.22617186605930328 0.20558105409145355 0.7640624642372131 0.6732519268989563
138 0.21914061903953552 0.2069677710533142 0.757031261920929 0.6649316549301147
114 0.22539062798023224 0.20766113698482513 0.762890636920929 0.6718652248382568
264 0.20546874403953552 0.2128613293170929 0.749218761920929 0.6760254502296448
144 0.21738280355930328 0.20766113698482513 0.752734363079071 0.6652783155441284
120 0.22382812201976776 0.2080078274011612 0.760937511920929 0.6690918207168579
270 0.20527343451976776 0.21459472179412842 0.7476562261581421 0.6767187714576721
150 0.5921874642372131 0.20835450291633606 0.752734363079071 0.6649316549301147
126 0.22304686903953552 0.20731446146965027 0.7593749761581421 0.6697851419448853
276 0.203125 0.21494141221046448 0.7453124523162842 0.6794922351837158
282 0.2001953125 0.2194482386112213 0.7421875 0.6822656393051147
288 0.19716796278953552 0.22222168743610382 0.7386718392372131 0.6836523413658142
294 0.19296874105930328 0.5227929949760437 0.649218738079071 0.6829590201377869
300 0.19130858778953552 0.22291503846645355 0.735156238079071 0.6843457221984863
306 0.19140625 0.22603516280651093 0.733203113079071 0.6878125071525574
312 0.18867187201976776 0.22742187976837158 0.7320312261581421 0.6912792921066284
318 0.18789061903953552 0.22707518935203552 0.731249988079071 0.689892590045929
198 0.6312499642372131 0.533886730670929 0.660937488079071 0.6517578363418579
204 0.208984375 0.4999121427536011 0.66015625 0.6621582508087158
210 0.20917968451976776 0.4971386790275574 0.660937488079071 0.6642382740974426
216 0.21054686605930328 0.4960986375808716 0.660937488079071 0.6704785227775574
222 0.21015624701976776 0.21043457090854645 0.7515624761581421 0.6718652248382568
228 0.20957030355930328 0.21147462725639343 0.752734363079071 0.6722119450569153
234 0.20937499403953552 0.21008789539337158 0.753125011920929 0.6708252429962158
240 0.20976562798023224 0.21008789539337158 0.753125011920929 0.6704785227775574
246 0.20976562798023224 0.2107812464237213 0.753125011920929 0.6749853491783142
252 0.20820312201976776 0.21112792193889618 0.7523437142372131 0.6746386289596558
258 0.20683594048023224 0.21147462725639343 0.7515624761581421 0.672558605670929
