6 0.7000000476837158 0.1840277761220932 0.8921875357627869 0.515625
4062 0.6617187857627869 0.09097222238779068 0.725781261920929 0.25833332538604736
8124 0.0 0.015277777798473835 0.9187500476837158 0.5569444298744202
12 0.7007812857627869 0.18541666865348816 0.8929687738418579 0.515625
4092 0.6625000238418579 0.09826388955116272 0.7281250357627869 0.26701387763023376
42 0.6992188096046448 0.18090277910232544 0.8921875357627869 0.5152777433395386
8154 0.2460937649011612 0.01041666604578495 0.9046875238418579 0.7854166626930237
4098 0.663281261920929 0.10095486044883728 0.7281250357627869 0.2663194537162781
8184 0.22597657144069672 0.012500000186264515 0.776562511920929 0.612500011920929
72 0.7007812857627869 0.18472221493721008 0.8929687738418579 0.5159721970558167
4128 0.6656250357627869 0.10607638955116272 0.7320312857627869 0.2762152850627899
8190 0.2285156399011612 0.00989583320915699 0.8156250715255737 0.7027777433395386
78 0.7007812857627869 0.18472221493721008 0.8929687738418579 0.5159721970558167
102 0.7007812857627869 0.18437500298023224 0.8929687738418579 0.5159721970558167
4158 0.6687500476837158 0.11302082985639572 0.7351562976837158 0.28315970301628113
8220 0.1958007961511612 0.0059027778916060925 0.9953125715255737 0.6767361164093018
108 0.7007812857627869 0.18506944179534912 0.8921875357627869 0.515625
4188 0.6718750596046448 0.12118055671453476 0.737500011920929 0.2906250059604645
138 0.7000000476837158 0.18368054926395416 0.8929687738418579 0.5159721970558167
8250 0.01728515699505806 0.09479166567325592 0.8976563215255737 0.6104166507720947
4194 0.6726562976837158 0.12274305522441864 0.7382813096046448 0.29218748211860657
144 0.7007812857627869 0.18472221493721008 0.8929687738418579 0.5152777433395386
4218 0.6742187738418579 0.12777777016162872 0.7398437857627869 0.2996527850627899
8280 0.13046875596046448 0.07517360895872116 1.0 0.621874988079071
174 0.7007812857627869 0.18333333730697632 0.8929687738418579 0.5177083015441895
4224 0.6742187738418579 0.12942707538604736 0.7406250238418579 0.30173611640930176
198 0.7000000476837158 0.18333333730697632 0.8929687738418579 0.5173611044883728
4254 0.6761718988418579 0.13767360150814056 0.743359386920929 0.30954861640930176
8316 0.2730468809604645 0.03437500074505806 0.8953125476837158 0.5208333134651184
204 0.7000000476837158 0.18298611044883728 0.8937500715255737 0.5173611044883728
228 0.7000000476837158 0.18333333730697632 0.8929687738418579 0.5173611044883728
8346 0.0 0.06432291865348816 0.5367187857627869 0.5961805582046509
8352 0.0 0.01284722238779068 0.5554687976837158 0.6291666626930237
4290 0.4570312798023224 0.28263887763023376 0.5640625357627869 0.45347222685813904
258 0.7000000476837158 0.18368054926395416 0.8929687738418579 0.5173611044883728
4320 0.44218751788139343 0.3029513955116272 0.5484375357627869 0.4763888716697693
264 0.7000000476837158 0.1840277761220932 0.8929687738418579 0.5173611044883728
8382 0.01508789137005806 0.02013888768851757 0.507031261920929 0.7604166269302368
8412 0.6617187857627869 0.09479166567325592 0.7273437976837158 0.26354166865348816
4350 0.42656251788139343 0.3211805522441864 0.5328125357627869 0.4982638657093048
294 0.7000000476837158 0.18368054926395416 0.8929687738418579 0.5180555582046509
4356 0.42265626788139343 0.32847222685813904 0.5320312976837158 0.5034722089767456
4380 0.41093751788139343 0.34513887763023376 0.5210937857627869 0.5201388597488403
8448 0.6644531488418579 0.10399305075407028 0.7300781607627869 0.2710069417953491
4386 0.40781253576278687 0.3482638895511627 0.518750011920929 0.5246527791023254
324 0.7000000476837158 0.18194444477558136 0.8921875357627869 0.5159721970558167
4416 0.3929687738418579 0.3708333373069763 0.5023437738418579 0.5458333492279053
354 0.7000000476837158 0.18090277910232544 0.8921875357627869 0.5159721970558167
8478 0.6664062738418579 0.11076388508081436 0.733593761920929 0.2795138955116272
360 0.7007812857627869 0.1822916567325592 0.8921875357627869 0.5163194537162781
8502 0.6703125238418579 0.1154513880610466 0.7359375357627869 0.2862847149372101
4452 0.37382814288139343 0.3947916626930237 0.4847656488418579 0.5725694298744202
390 0.0 0.00902777723968029 0.02626953274011612 0.6305555701255798
8508 0.671093761920929 0.1167534738779068 0.7367187738418579 0.2874999940395355
4482 0.05351562798023224 0.3361110985279083 0.9468750357627869 0.6555555462837219
8532 0.6726562976837158 0.12300346791744232 0.7382813096046448 0.29374998807907104
426 0.0 0.01111111044883728 0.02100830152630806 0.6090277433395386
4488 0.0546875037252903 0.3361110985279083 0.9468750357627869 0.6548610925674438
8562 0.6746094226837158 0.13090278208255768 0.7410156726837158 0.3031249940395355
4518 0.05839844048023224 0.33472222089767456 0.9484375715255737 0.6513888835906982
8568 0.675000011920929 0.13307291269302368 0.7421875596046448 0.3045138716697693
4524 0.05898437649011612 0.3340277671813965 0.9484375715255737 0.6506944298744202
8574 0.6753906607627869 0.1358506977558136 0.7425781488418579 0.30590277910232544
4548 0.06328125298023224 0.3333333134651184 0.9484375715255737 0.6472222208976746
4554 0.06367187947034836 0.3333333134651184 0.9484375715255737 0.6472222208976746
8598 0.676953136920929 0.13923610746860504 0.7449219226837158 0.31111109256744385
4560 0.06464844197034836 0.3333333134651184 0.9484375715255737 0.6458333134651184
516 0.0 0.0381944440305233 0.06416016072034836 0.2899305522441864
8628 0.45468753576278687 0.2840277850627899 0.561718761920929 0.4576388895511627
8634 0.45078128576278687 0.2847222089767456 0.55859375 0.4625000059604645
8640 0.44843751192092896 0.29114583134651184 0.5562500357627869 0.4659722149372101
8658 0.4394531548023224 0.3055555522441864 0.5472656488418579 0.48055553436279297
8664 0.43515628576278687 0.3079861104488373 0.5445312857627869 0.48576387763023376
8670 0.43320316076278687 0.3131944537162781 0.5417969226837158 0.4888888895511627
8676 0.43046876788139343 0.3201388716697693 0.538281261920929 0.49444442987442017
8688 0.42304688692092896 0.3270833194255829 0.532421886920929 0.5020833015441895
8694 0.42109376192092896 0.3291666507720947 0.530468761920929 0.5069444179534912
8700 0.4179687798023224 0.3340277671813965 0.52734375 0.5104166865348816
8706 0.41484376788139343 0.33819442987442017 0.5242187976837158 0.5159721970558167
8712 0.4105468988418579 0.34236109256744385 0.520703136920929 0.5194444060325623
8724 0.40546876192092896 0.3506944477558136 0.5164062976837158 0.5298610925674438
8730 0.4023437798023224 0.35208332538604736 0.5125000476837158 0.5340277552604675
8736 0.3994140923023224 0.3604166507720947 0.5085937976837158 0.5374999642372131
8742 0.3964844048023224 0.3645833134651184 0.5066406726837158 0.5409722328186035
8754 0.3906250298023224 0.3722222149372101 0.5 0.550000011920929
8760 0.38652345538139343 0.375 0.4960937798023224 0.5541666746139526
8766 0.8500000238418579 0.3263888955116272 0.9500000476837158 0.49444442987442017
8772 0.8656250238418579 0.4277777671813965 0.9500000476837158 0.4958333373069763
8784 0.8468750715255737 0.32222220301628113 0.9500000476837158 0.496527761220932
8790 0.8476563096046448 0.3229166567325592 0.9500000476837158 0.4972222149372101
8796 0.8500000238418579 0.32499998807907104 0.9500000476837158 0.4954861104488373
690 0.20976564288139343 0.22499999403953552 1.0 0.6513888835906982
708 0.20937500894069672 0.22760416567325592 1.0 0.652430534362793
8820 0.8500000238418579 0.3263888955116272 0.9500000476837158 0.49444442987442017
714 0.2089843899011612 0.22777777910232544 1.0 0.6520833373069763
8826 0.8500000238418579 0.3263888955116272 0.9500000476837158 0.49513888359069824
738 0.267578125 0.22847221791744232 0.9992188215255737 0.652430534362793
8850 0.8500000238418579 0.3263888955116272 0.9500000476837158 0.49444442987442017
744 0.267578125 0.22899305820465088 0.9984375238418579 0.652430534362793
774 0.26679688692092896 0.23055554926395416 0.9968750476837158 0.6534721851348877
8880 0.8500000238418579 0.32604166865348816 0.9500000476837158 0.49444442987442017
780 0.26679688692092896 0.23055554926395416 0.9960938096046448 0.6541666388511658
8886 0.8492187857627869 0.3256944417953491 0.9500000476837158 0.49444442987442017
8910 0.8492187857627869 0.3263888955116272 0.9492188096046448 0.49444442987442017
804 0.2660156488418579 0.23298610746860504 0.9984375238418579 0.6541666388511658
8916 0.8500000238418579 0.32604166865348816 0.9500000476837158 0.49444442987442017
810 0.2660156488418579 0.23333333432674408 0.9984375238418579 0.6541666388511658
840 0.26484376192092896 0.23680555820465088 0.9984375238418579 0.65625
846 0.2652343809604645 0.23628471791744232 0.9984375238418579 0.6565971970558167
852 0.26484376192092896 0.23888888955116272 0.9984375238418579 0.6569444537162781
858 0.26484376192092896 0.23680555820465088 0.9984375238418579 0.6569444537162781
870 0.26445314288139343 0.23819443583488464 0.9984375238418579 0.6572916507720947
876 0.2640625238418579 0.23906250298023224 0.9992188215255737 0.6569444537162781
882 0.263671875 0.2395833283662796 0.9992188215255737 0.6572916507720947
888 0.263671875 0.24010416865348816 1.0 0.6576388478279114
900 0.263671875 0.24027776718139648 1.0 0.6576388478279114
906 0.2632812559604645 0.24097222089767456 1.0 0.6579861044883728
912 0.2632812559604645 0.24062499403953552 0.8750000596046448 0.6576388478279114
1044 0.6601563096046448 0.0885416641831398 0.7242187857627869 0.2545138895511627
1050 0.6609375476837158 0.08984375 0.7250000238418579 0.25659722089767456
1056 0.661328136920929 0.0911458283662796 0.7261719107627869 0.2585069537162781
1062 0.661328136920929 0.0924479141831398 0.7261719107627869 0.2604166567325592
1068 0.661328136920929 0.09409721940755844 0.7269531488418579 0.262152761220932
1074 0.6617187857627869 0.09531249850988388 0.7273437976837158 0.2640624940395355
1080 0.6625000238418579 0.09661458432674408 0.7281250357627869 0.26597222685813904
1086 0.6628906726837158 0.09861110895872116 0.7285156846046448 0.2673611044883728
1092 0.663281261920929 0.10078124701976776 0.7281250357627869 0.2666666507720947
1098 0.663281261920929 0.10208333283662796 0.7289062738418579 0.2680555582046509
1104 0.6640625596046448 0.10347221791744232 0.729687511920929 0.2697916626930237
1110 0.6644531488418579 0.1041666641831398 0.7308593988418579 0.2725694477558136
1116 0.6656250357627869 0.10520832985639572 0.7312500476837158 0.2743055522441864
1122 0.6656250357627869 0.10624999552965164 0.7320312857627869 0.27638888359069824
1128 0.6664062738418579 0.10815972089767456 0.7320312857627869 0.2776041626930237
1134 0.6667969226837158 0.109375 0.7332031726837158 0.2788194417953491
1140 0.667187511920929 0.11163194477558136 0.733593761920929 0.2796874940395355
1146 0.6679688096046448 0.11215277761220932 0.7351562976837158 0.2822916507720947
1158 0.6695312857627869 0.11432291567325592 0.7359375357627869 0.28506943583488464
1164 0.6703125238418579 0.11562500149011612 0.7359375357627869 0.28680554032325745
1170 0.671093761920929 0.11753471940755844 0.7367187738418579 0.2883680462837219
1176 0.671093761920929 0.1193576380610466 0.737500011920929 0.28958332538604736
1182 0.6718750596046448 0.12135416269302368 0.737500011920929 0.29114583134651184
1188 0.6726562976837158 0.12291666120290756 0.7382813096046448 0.2923611104488373
1194 0.6726562976837158 0.12430555373430252 0.7382813096046448 0.2940972149372101
1200 0.6734375357627869 0.12517361342906952 0.7390625476837158 0.29565972089767456
1206 0.6734375357627869 0.12690971791744232 0.7390625476837158 0.29809027910232544
1212 0.6742187738418579 0.12821179628372192 0.7398437857627869 0.3003472089767456
1218 0.6742187738418579 0.12994791567325592 0.7406250238418579 0.3020833134651184
1224 0.6742187738418579 0.13168402016162872 0.741406261920929 0.3038194477558136
1230 0.675000011920929 0.13402777910232544 0.7421875596046448 0.3048610985279083
1236 0.6753906607627869 0.13602429628372192 0.7425781488418579 0.3062500059604645
1242 0.6757813096046448 0.13680554926395416 0.7429687976837158 0.3079861104488373
1254 0.6765625476837158 0.138888880610466 0.7437500357627869 0.3100694417953491
1260 0.6765625476837158 0.13958333432674408 0.745312511920929 0.3114583194255829
1266 0.6773437857627869 0.1410590261220932 0.745312511920929 0.3125
1272 0.46250003576278687 0.27222222089767456 0.5687500238418579 0.44722220301628113
1278 0.4593750238418579 0.2770833373069763 0.5671875476837158 0.4513888955116272
1284 0.45625001192092896 0.2829861044883728 0.5640625357627869 0.45451387763023376
1290 0.45390626788139343 0.28315970301628113 0.5601562857627869 0.45972222089767456
1296 0.4496093988418579 0.28680554032325745 0.5574219226837158 0.46388888359069824
1302 0.4476562738418579 0.2916666567325592 0.5554687976837158 0.46736109256744385
1308 0.44453126192092896 0.29878470301628113 0.5523437857627869 0.4722222089767456
1314 0.44218751788139343 0.30347222089767456 0.550000011920929 0.47708332538604736
1320 0.43828126788139343 0.30659720301628113 0.546093761920929 0.4815972149372101
1326 0.43515628576278687 0.3097222149372101 0.5437500476837158 0.4861111044883728
1332 0.43281251192092896 0.3152777850627899 0.5406250357627869 0.4902777671813965
1350 0.698437511920929 0.18090277910232544 0.8921875357627869 0.515625
1356 0.698437511920929 0.18090277910232544 0.8921875357627869 0.5163194537162781
1362 0.698437511920929 0.18090277910232544 0.8921875357627869 0.5159721970558167
1368 0.698437511920929 0.18159721791744232 0.8921875357627869 0.5159721970558167
1374 0.698437511920929 0.18090277910232544 0.8929687738418579 0.5152777433395386
1380 0.698437511920929 0.18194444477558136 0.8929687738418579 0.5152777433395386
1386 0.7000000476837158 0.18333333730697632 0.8921875357627869 0.5159721970558167
1392 0.7000000476837158 0.18298611044883728 0.8929687738418579 0.5159721970558167
1398 0.6992188096046448 0.18298611044883728 0.8929687738418579 0.515625
1404 0.6992188096046448 0.18368054926395416 0.8937500715255737 0.5149305462837219
1410 0.7000000476837158 0.18368054926395416 0.8937500715255737 0.5149305462837219
1416 0.7000000476837158 0.18437500298023224 0.8937500715255737 0.5145833492279053
1422 0.6992188096046448 0.1840277761220932 0.8937500715255737 0.5145833492279053
1428 0.6992188096046448 0.1840277761220932 0.8937500715255737 0.5145833492279053
1446 0.7000000476837158 0.1840277761220932 0.8921875357627869 0.5145833492279053
1452 0.7000000476837158 0.18472221493721008 0.8921875357627869 0.5145833492279053
1458 0.698437511920929 0.18333333730697632 0.8937500715255737 0.5145833492279053
1464 0.6992188096046448 0.18472221493721008 0.8921875357627869 0.5145833492279053
1470 0.6992188096046448 0.18472221493721008 0.8921875357627869 0.5145833492279053
1476 0.6992188096046448 0.18541666865348816 0.8921875357627869 0.5145833492279053
1482 0.6992188096046448 0.18472221493721008 0.8921875357627869 0.5145833492279053
1488 0.6992188096046448 0.18506944179534912 0.8921875357627869 0.5145833492279053
1494 0.6992188096046448 0.18472221493721008 0.8921875357627869 0.5149305462837219
1500 0.7000000476837158 0.1840277761220932 0.8929687738418579 0.5152777433395386
1506 0.6992188096046448 0.18333333730697632 0.8937500715255737 0.5152777433395386
1512 0.6992188096046448 0.18437500298023224 0.8929687738418579 0.5152777433395386
1518 0.6992188096046448 0.1840277761220932 0.8921875357627869 0.5152777433395386
1524 0.8515625596046448 0.3274305462837219 0.9500000476837158 0.4923610985279083
1530 0.8515625596046448 0.32777777314186096 0.9500000476837158 0.4930555522441864
1536 0.8515625596046448 0.3270833194255829 0.9500000476837158 0.49444442987442017
1542 0.8515625596046448 0.3263888955116272 0.9500000476837158 0.4937500059604645
1548 0.8515625596046448 0.3263888955116272 0.9500000476837158 0.49409720301628113
1554 0.8515625596046448 0.3263888955116272 0.9500000476837158 0.49444442987442017
1560 0.8515625596046448 0.3270833194255829 0.9500000476837158 0.49444442987442017
1566 0.8515625596046448 0.3270833194255829 0.9500000476837158 0.49409720301628113
1572 0.8515625596046448 0.32673609256744385 0.9500000476837158 0.49340277910232544
1578 0.8515625596046448 0.3263888955116272 0.9500000476837158 0.4937500059604645
1584 0.8515625596046448 0.3263888955116272 0.9500000476837158 0.49409720301628113
1590 0.8515625596046448 0.3263888955116272 0.9500000476837158 0.49409720301628113
1596 0.8515625596046448 0.3263888955116272 0.9500000476837158 0.4937500059604645
1602 0.8515625596046448 0.3270833194255829 0.9500000476837158 0.4937500059604645
1608 0.8515625596046448 0.3270833194255829 0.9500000476837158 0.4937500059604645
1614 0.8515625596046448 0.3270833194255829 0.9500000476837158 0.4937500059604645
1620 0.8531250357627869 0.32777777314186096 0.9500000476837158 0.49340277910232544
1626 0.8515625596046448 0.32777777314186096 0.9500000476837158 0.4937500059604645
1632 0.8523437976837158 0.32847222685813904 0.9500000476837158 0.49340277910232544
1638 0.8515625596046448 0.3270833194255829 0.9500000476837158 0.49340277910232544
1644 0.8500000238418579 0.3263888955116272 0.9500000476837158 0.49340277910232544
1650 0.8515625596046448 0.32777777314186096 0.9500000476837158 0.4930555522441864
1656 0.8515625596046448 0.32777777314186096 0.9500000476837158 0.4930555522441864
1662 0.8515625596046448 0.32777777314186096 0.9500000476837158 0.4930555522441864
1674 0.8515625596046448 0.32777777314186096 0.9500000476837158 0.4930555522441864
1680 0.8515625596046448 0.32777777314186096 0.9500000476837158 0.4930555522441864
1686 0.8515625596046448 0.32777777314186096 0.9500000476837158 0.4930555522441864
1692 0.8500000238418579 0.3270833194255829 0.9500000476837158 0.4930555522441864
1698 0.8500000238418579 0.32673609256744385 0.9500000476837158 0.4923610985279083
1704 0.8515625596046448 0.3270833194255829 0.9500000476837158 0.4930555522441864
1710 0.8515625596046448 0.32777777314186096 0.9500000476837158 0.4930555522441864
1716 0.8515625596046448 0.32777777314186096 0.9500000476837158 0.4930555522441864
1722 0.8515625596046448 0.32777777314186096 0.9500000476837158 0.4930555522441864
1728 0.8515625596046448 0.32777777314186096 0.9500000476837158 0.4930555522441864
1734 0.8515625596046448 0.32777777314186096 0.9500000476837158 0.4930555522441864
1740 0.8515625596046448 0.32777777314186096 0.9500000476837158 0.4930555522441864
1746 0.8515625596046448 0.32777777314186096 0.9500000476837158 0.49270832538604736
1752 0.8515625596046448 0.32777777314186096 0.9500000476837158 0.4930555522441864
1758 0.8515625596046448 0.32777777314186096 0.9500000476837158 0.4937500059604645
1764 0.8515625596046448 0.32777777314186096 0.9500000476837158 0.4937500059604645
1770 0.8531250357627869 0.32847222685813904 0.9500000476837158 0.4937500059604645
1776 0.8515625596046448 0.32777777314186096 0.9500000476837158 0.4937500059604645
1782 0.8515625596046448 0.32777777314186096 0.9500000476837158 0.4937500059604645
1788 0.8515625596046448 0.32777777314186096 0.9500000476837158 0.4930555522441864
1800 0.8515625596046448 0.32777777314186096 0.9500000476837158 0.4937500059604645
1806 0.8515625596046448 0.32777777314186096 0.9500000476837158 0.4937500059604645
5994 0.10429687798023224 0.0008680555620230734 0.17031250894069672 0.06067708134651184
6000 0.10312500596046448 0.000347222201526165 0.1699218899011612 0.06545139104127884
6006 0.10312500596046448 0.0004340277810115367 0.1699218899011612 0.06953124701976776
6012 0.10195313394069672 0.0005208333022892475 0.17050781846046448 0.07413194328546524
6018 0.1015625074505806 0.00028211803874000907 0.16914063692092896 0.07977430522441864
6024 0.10175781697034836 0.00045572916860692203 0.8976563215255737 0.9986110925674438
6030 0.10136719048023224 0.00026041665114462376 0.16855469346046448 0.0859375
6042 0.10117188096046448 0.0009548611124046147 0.16875000298023224 0.09427083283662796
6048 0.10117188096046448 0.0017361111240461469 0.16933594644069672 0.0993923619389534
6054 0.10136719048023224 0.0017361111240461469 0.16933594644069672 0.10277777910232544
6060 0.1015625074505806 0.0021701387595385313 0.16835938394069672 0.10746527463197708
6066 0.1015625074505806 0.0021701387595385313 0.17031250894069672 0.11085069179534912
6072 0.1015625074505806 0.0018663194496184587 0.16953125596046448 0.1171875
6078 0.10166016221046448 0.0001736111007630825 0.16884766519069672 0.12187499552965164
6084 0.10175781697034836 0.0005208333022892475 0.16855469346046448 0.12656249105930328
6090 0.10195313394069672 0.0005208333022892475 0.16835938394069672 0.1319444477558136
6096 0.10292969644069672 0.0015625000232830644 0.16679687798023224 0.1354166716337204
2022 0.3964844048023224 0.013281249441206455 0.42929691076278687 0.11032985895872116
6216 0.9625000357627869 0.09383680671453476 0.9937500357627869 0.4229166507720947
6246 0.9507812857627869 0.10407985746860504 0.9804688096046448 0.4263888895511627
2274 0.8375000357627869 0.9569444060325623 0.9593750238418579 1.0
2280 0.8460937738418579 0.956250011920929 0.9523438215255737 0.9993055462837219
2286 0.8054687976837158 0.9569444060325623 0.9476562738418579 0.9986110925674438
2298 0.7839844226837158 0.9569444060325623 0.9343750476837158 0.9986110925674438
2310 0.8234375715255737 0.9555555582046509 0.9265625476837158 0.9972221851348877
2316 0.8218750357627869 0.9541666507720947 0.9250000715255737 0.9972221851348877
2322 0.784375011920929 0.9541666507720947 0.9265625476837158 0.9986110925674438
2328 0.8117188215255737 0.9548611044883728 0.9257813096046448 0.9979166388511658
2334 0.8078125715255737 0.9548611044883728 0.9281250238418579 0.9979166388511658
10422 0.3882812559604645 0.33819442987442017 0.4281250238418579 0.3812499940395355
2346 0.772656261920929 0.9576388597488403 0.9289063215255737 0.9993055462837219
2352 0.7906250357627869 0.9548611044883728 0.9281250238418579 0.9979166388511658
2358 0.7425781488418579 0.956250011920929 0.9296875596046448 0.9993055462837219
2424 0.8507813215255737 0.32777777314186096 0.9500000476837158 0.4930555522441864
2430 0.8507813215255737 0.32777777314186096 0.9500000476837158 0.4930555522441864
2436 0.8507813215255737 0.32777777314186096 0.9500000476837158 0.4930555522441864
2442 0.8507813215255737 0.328125 0.9500000476837158 0.4930555522441864
2448 0.8507813215255737 0.32777777314186096 0.9500000476837158 0.49340277910232544
2454 0.8507813215255737 0.3270833194255829 0.9500000476837158 0.4937500059604645
2460 0.8507813215255737 0.3270833194255829 0.9500000476837158 0.49409720301628113
2466 0.8507813215255737 0.32777777314186096 0.9500000476837158 0.49444442987442017
2472 0.8515625596046448 0.32777777314186096 0.9500000476837158 0.49409720301628113
2478 0.8507813215255737 0.32777777314186096 0.9500000476837158 0.49409720301628113
2484 0.8507813215255737 0.328125 0.9500000476837158 0.4937500059604645
2490 0.8507813215255737 0.32777777314186096 0.9500000476837158 0.49409720301628113
2496 0.8507813215255737 0.32777777314186096 0.9500000476837158 0.4937500059604645
2502 0.8507813215255737 0.32777777314186096 0.9500000476837158 0.49409720301628113
2508 0.8500000238418579 0.32673609256744385 0.9500000476837158 0.49409720301628113
2514 0.8500000238418579 0.32673609256744385 0.9500000476837158 0.49409720301628113
2520 0.8500000238418579 0.3270833194255829 0.9500000476837158 0.49409720301628113
2526 0.8500000238418579 0.3270833194255829 0.9500000476837158 0.49409720301628113
2532 0.8507813215255737 0.32777777314186096 0.9500000476837158 0.49409720301628113
2538 0.8507813215255737 0.32777777314186096 0.9500000476837158 0.49409720301628113
2544 0.8507813215255737 0.32777777314186096 0.9500000476837158 0.4937500059604645
2550 0.8515625596046448 0.32847222685813904 0.9500000476837158 0.49409720301628113
2556 0.8507813215255737 0.32777777314186096 0.9500000476837158 0.4937500059604645
2562 0.8507813215255737 0.32777777314186096 0.9500000476837158 0.49409720301628113
2568 0.8507813215255737 0.32777777314186096 0.9500000476837158 0.49409720301628113
2574 0.8515625596046448 0.3274305462837219 0.9500000476837158 0.4947916567325592
2580 0.8515625596046448 0.3263888955116272 0.9500000476837158 0.4947916567325592
2586 0.8500000238418579 0.32673609256744385 0.9500000476837158 0.4947916567325592
2592 0.8515625596046448 0.3270833194255829 0.9500000476837158 0.4947916567325592
2598 0.8515625596046448 0.3270833194255829 0.9500000476837158 0.49444442987442017
2604 0.8515625596046448 0.3270833194255829 0.9500000476837158 0.49444442987442017
2610 0.8515625596046448 0.3270833194255829 0.9500000476837158 0.49444442987442017
2616 0.8515625596046448 0.3270833194255829 0.9500000476837158 0.49444442987442017
2622 0.8515625596046448 0.3270833194255829 0.9500000476837158 0.49444442987442017
2628 0.8515625596046448 0.32777777314186096 0.9500000476837158 0.49513888359069824
2640 0.8515625596046448 0.32777777314186096 0.9500000476837158 0.4954861104488373
2646 0.8515625596046448 0.32777777314186096 0.9500000476837158 0.4954861104488373
2652 0.8500000238418579 0.3270833194255829 0.9500000476837158 0.49513888359069824
2658 0.8500000238418579 0.32777777314186096 0.9500000476837158 0.49513888359069824
2664 0.8515625596046448 0.32777777314186096 0.9500000476837158 0.49513888359069824
2670 0.8515625596046448 0.32847222685813904 0.9500000476837158 0.4954861104488373
2676 0.8507813215255737 0.32847222685813904 0.9500000476837158 0.4954861104488373
2682 0.8507813215255737 0.328125 0.9500000476837158 0.4954861104488373
10752 0.1049804762005806 0.0008680555620230734 0.16884766519069672 0.05963541567325592
2688 0.8515625596046448 0.32847222685813904 0.9500000476837158 0.4958333373069763
10758 0.10371094197034836 0.0001736111007630825 0.16972656548023224 0.0625
10770 0.1025390699505806 0.0007161458488553762 0.17011719942092896 0.07152777910232544
2706 0.8507813215255737 0.32847222685813904 0.9500000476837158 0.4958333373069763
10776 0.10195313394069672 0.0003689236182253808 0.16835938394069672 0.07795138657093048
2712 0.8507813215255737 0.32777777314186096 0.9500000476837158 0.49618053436279297
10782 0.10195313394069672 0.0004340277810115367 0.16953125596046448 0.08220485597848892
2718 0.8507813215255737 0.32777777314186096 0.9500000476837158 0.4958333373069763
10806 0.10117188096046448 0.00138888880610466 0.16777344048023224 0.09817708283662796
2736 0.8507813215255737 0.3270833194255829 0.9500000476837158 0.4958333373069763
10812 0.10136719048023224 0.00208333320915699 0.16933594644069672 0.10234374552965164
2742 0.8507813215255737 0.3270833194255829 0.9507812857627869 0.4958333373069763
10818 0.10136719048023224 0.002343749860301614 0.16875000298023224 0.10624999552965164
2748 0.8507813215255737 0.3270833194255829 0.9500000476837158 0.4958333373069763
10836 0.10126953572034836 0.001041666604578495 0.16923828423023224 0.12170138955116272
2772 0.007519531529396772 0.11944444477558136 0.9875000715255737 0.3725694417953491
10842 0.1015625074505806 0.0003906250058207661 0.16835938394069672 0.12569443881511688
2778 0.02871093899011612 0.12951388955116272 0.9984375238418579 0.39097222685813904
10848 0.10175781697034836 0.0007812500116415322 0.16855469346046448 0.1306423544883728
2784 0.05156250298023224 0.1371527761220932 1.0 0.40486109256744385
2802 0.1210937574505806 0.12118055671453476 0.8492187857627869 0.40486109256744385
2808 0.13613282144069672 0.11423610895872116 0.8531250357627869 0.40763887763023376
2814 0.15664063394069672 0.1111111119389534 0.8609375357627869 0.37013888359069824
2820 0.2660156488418579 0.10624999552965164 0.8757812976837158 0.39027777314186096
2826 0.2779296934604645 0.10729166120290756 0.8937500715255737 0.3881944417953491
2832 0.28632813692092896 0.08993055671453476 0.9039062857627869 0.37118053436279297
2838 0.0 0.01874999888241291 0.9171875715255737 0.4989583194255829
2844 0.0 0.01111111044883728 0.9312500357627869 0.7826388478279114
2850 0.02324218861758709 0.01041666604578495 0.9531250596046448 0.7888888716697693
2856 0.04221191629767418 0.01666666567325592 0.9781250357627869 0.7861111164093018
2868 0.2402343899011612 0.013888888992369175 0.9039062857627869 0.7861111164093018
2874 0.2828125059604645 0.0062500000931322575 0.9125000238418579 0.7833333015441895
2880 0.13310547173023224 0.00416666641831398 0.5203125476837158 0.7208333015441895
2886 0.41562503576278687 0.0076388888992369175 0.5984375476837158 0.6326388716697693
2892 0.43671876192092896 0.01284722238779068 0.671093761920929 0.621874988079071
2898 0.2226562649011612 0.009374999441206455 0.7671875357627869 0.6145833134651184
2904 0.22343751788139343 0.01041666604578495 0.8117188215255737 0.6708333492279053
10974 0.9640625715255737 0.0954861119389534 0.9937500357627869 0.41805553436279297
2910 0.51953125 0.00972222164273262 0.8140625357627869 0.7319444417953491
2928 0.3183594048023224 0.013194444589316845 0.8773437738418579 0.7506944537162781
2934 0.33906251192092896 0.006770833395421505 0.9765625596046448 0.6833333373069763
2940 0.676953136920929 0.0036458333488553762 1.0 0.6631944179534912
2946 0.0 0.11319444328546524 0.7820312976837158 0.5767360925674438
2952 0.0001220703125 0.11909721791744232 0.8148437738418579 0.5843749642372131
2958 0.002001953311264515 0.11736110597848892 0.8804687857627869 0.5944444537162781
2964 0.006213379092514515 0.09791666269302368 0.9000000357627869 0.6111111044883728
2970 0.02158203162252903 0.0902777761220932 0.9187500476837158 0.6194444298744202
2976 0.02890625223517418 0.10000000149011612 0.9859375357627869 0.6847221851348877
2982 0.0773925855755806 0.10451388359069824 1.0 0.675000011920929
2988 0.10214844346046448 0.08124999701976776 1.0 0.625
2994 0.12802734971046448 0.07604166865348816 1.0 0.6284722089767456
3000 0.14921875298023224 0.06527777761220932 0.555859386920929 0.6041666269302368
7086 0.35625001788139343 0.0042100693099200726 0.9507812857627869 0.22256943583488464
3006 0.1684570461511612 0.06006944179534912 0.5914062857627869 0.5416666865348816
7092 0.3804687559604645 0.0036458333488553762 0.9640625715255737 0.22465276718139648
7104 0.4257812798023224 0.0005208333022892475 1.0 0.21423611044883728
3024 0.23984375596046448 0.05069444328546524 0.6742187738418579 0.5006944537162781
3030 0.26835939288139343 0.03888888657093048 0.8843750357627869 0.5249999761581421
7110 0.0 0.03368055447936058 1.0 0.3756944239139557
7116 0.0 0.05711805447936058 1.0 0.35451388359069824
3036 0.1743164211511612 0.0364583320915699 0.9484375715255737 0.5020833015441895
3054 0.18789063394069672 0.00642361119389534 0.8468750715255737 0.5083333253860474
7140 0.01328125037252903 0.1180555522441864 0.9890625476837158 0.37638887763023376
3060 0.0 0.05624999850988388 0.5375000238418579 0.5861111283302307
7146 0.03203125298023224 0.1302083283662796 0.9984375238418579 0.39444443583488464
3066 0.0 0.006770833395421505 0.5492187738418579 0.6263889074325562
3084 0.4613281488418579 0.19131943583488464 0.7757812738418579 0.5618055462837219
7170 0.12539063394069672 0.12048611044883728 0.8492187857627869 0.4479166567325592
7176 0.13730469346046448 0.11249999701976776 0.8507813215255737 0.4069444239139557
3096 0.010791015811264515 0.02135416679084301 0.43437501788139343 0.590624988079071
7182 0.15898437798023224 0.11328125 0.8656250238418579 0.375
7200 0.2886718809604645 0.08958332985639572 0.9062500596046448 0.3708333373069763
7206 0.0 0.01493055559694767 0.9187500476837158 0.5607638955116272
7212 0.0042968750931322575 0.01041666604578495 0.9359375238418579 0.7861111164093018
7218 0.02724609524011612 0.013888888992369175 0.9578125476837158 0.7874999642372131
7224 0.0463867224752903 0.013194444589316845 0.9828125238418579 0.7881944179534912
7230 0.19667969644069672 0.01666666567325592 1.0 0.7833333015441895
7236 0.24648438394069672 0.00972222164273262 0.44609376788139343 0.7847222089767456
7242 0.29179689288139343 0.0062500000931322575 0.4726562798023224 0.7854166626930237
7248 0.14199219644069672 0.014583333395421505 0.5328125357627869 0.699305534362793
7254 0.19765625894069672 0.009374999441206455 0.6117187738418579 0.618055522441864
7260 0.44023439288139343 0.0076388888992369175 0.686718761920929 0.6284722089767456
7266 0.22539064288139343 0.01284722238779068 0.776562511920929 0.6121527552604675
7272 0.22812500596046448 0.01041666604578495 0.8156250715255737 0.7027777433395386
7278 0.5242187976837158 0.00902777723968029 0.8140625357627869 0.7423610687255859
7284 0.546093761920929 0.0062500000931322575 0.8156250715255737 0.7715277671813965
7290 0.18925781548023224 0.0 0.8273438215255737 0.7770833373069763
7296 0.16875000298023224 0.00555555522441864 0.8960937857627869 0.7458333373069763
11280 0.00937500037252903 0.0 1.0 0.7861111164093018
7302 0.19560547173023224 0.00642361119389534 0.9953125715255737 0.6770833134651184
7308 0.0 0.004340277519077063 1.0 0.6652777791023254
7314 0.0 0.11493055522441864 0.788281261920929 0.5791666507720947
7320 0.0016601562965661287 0.12057291716337204 0.8265625238418579 0.5826388597488403
7332 0.01796875149011612 0.09539930522441864 0.8968750238418579 0.6111111044883728
7338 0.02294922061264515 0.09496527910232544 0.9265625476837158 0.6312499642372131
7344 0.03105468861758709 0.10104166716337204 0.9984375238418579 0.6881944537162781
7350 0.06889648735523224 0.08758680522441864 1.0 0.6583333015441895
7356 0.1083984449505806 0.07795138657093048 1.0 0.6208333373069763
7362 0.130859375 0.07534722238779068 1.0 0.6229166388511658
7368 0.15292969346046448 0.06371527910232544 0.5625 0.6041666269302368
7374 0.17226563394069672 0.05972222238779068 0.5953125357627869 0.5319444537162781
11358 0.6601563096046448 0.08888888359069824 0.7250000238418579 0.2552083432674408
7392 0.24492189288139343 0.05260416492819786 0.678906261920929 0.5069444179534912
11376 0.6609375476837158 0.09305555373430252 0.7265625596046448 0.2611111104488373
7398 0.13291016221046448 0.03506944328546524 0.8968750238418579 0.5204861164093018
11382 0.6617187857627869 0.09453124552965164 0.7273437976837158 0.26249998807907104
7404 0.1762695461511612 0.03663194552063942 0.9578125476837158 0.5045138597488403
11388 0.6617187857627869 0.09618055075407028 0.7273437976837158 0.2645833194255829
11406 0.663281261920929 0.10121527314186096 0.7281250357627869 0.26684027910232544
7428 0.0 0.06232638657093048 0.5375000238418579 0.5965277552604675
7434 0.0 0.01284722238779068 0.5554687976837158 0.6298611164093018
11412 0.663281261920929 0.10251735895872116 0.7289062738418579 0.2684027850627899
7440 0.03515625 0.0208333320915699 0.5757812857627869 0.6451388597488403
11418 0.6640625596046448 0.1037326380610466 0.729687511920929 0.27048611640930176
7458 0.00039062503492459655 0.04444444179534912 0.10634766519069672 0.7826388478279114
11436 0.6656250357627869 0.1067708283662796 0.7320312857627869 0.27656248211860657
3378 0.8492187857627869 0.32777777314186096 0.9507812857627869 0.49513888359069824
11442 0.6664062738418579 0.10868055373430252 0.7328125238418579 0.277777761220932
7464 0.01499023474752903 0.01983506977558136 0.507031261920929 0.5885416269302368
3384 0.8492187857627869 0.3270833194255829 0.9515625238418579 0.4954861104488373
11466 0.6687500476837158 0.11362846940755844 0.7359375357627869 0.2836805582046509
3408 0.8515625596046448 0.32847222685813904 0.9500000476837158 0.4947916567325592
11472 0.6703125238418579 0.11493055522441864 0.7359375357627869 0.2857638895511627
3414 0.8500000238418579 0.32777777314186096 0.9500000476837158 0.49513888359069824
11478 0.6707031726837158 0.116319440305233 0.7363281846046448 0.2871527671813965
3420 0.8507813215255737 0.32777777314186096 0.9500000476837158 0.49513888359069824
11496 0.6718750596046448 0.12248263508081436 0.737500011920929 0.29131942987442017
11502 0.6726562976837158 0.1232638880610466 0.7382813096046448 0.2927083373069763
3444 0.8492187857627869 0.3263888955116272 0.9500000476837158 0.49513888359069824
3450 0.8492187857627869 0.3263888955116272 0.9500000476837158 0.49513888359069824
11508 0.6726562976837158 0.12482638657093048 0.7382813096046448 0.29461804032325745
3474 0.8484375476837158 0.3256944417953491 0.9500000476837158 0.49513888359069824
11532 0.6742187738418579 0.13055555522441864 0.741406261920929 0.3027777671813965
3480 0.8484375476837158 0.3256944417953491 0.9500000476837158 0.49513888359069824
11538 0.6746094226837158 0.13246527314186096 0.7417969107627869 0.3039930462837219
3486 0.8484375476837158 0.3256944417953491 0.9500000476837158 0.49513888359069824
11544 0.675000011920929 0.13506944477558136 0.7421875596046448 0.3055555522441864
3504 0.8484375476837158 0.3256944417953491 0.9500000476837158 0.49513888359069824
11562 0.6765625476837158 0.1384548544883728 0.7437500357627869 0.3100694417953491
3510 0.8500000238418579 0.3256944417953491 0.9500000476837158 0.4947916567325592
11568 0.6765625476837158 0.13923610746860504 0.7437500357627869 0.31041666865348816
3516 0.8484375476837158 0.3256944417953491 0.9500000476837158 0.4947916567325592
3522 0.8500000238418579 0.3256944417953491 0.9500000476837158 0.4947916567325592
3534 0.8484375476837158 0.3256944417953491 0.9500000476837158 0.4947916567325592
3540 0.8484375476837158 0.3253472149372101 0.9500000476837158 0.4947916567325592
3546 0.8500000238418579 0.3256944417953491 0.9500000476837158 0.4947916567325592
3552 0.8500000238418579 0.3256944417953491 0.9500000476837158 0.4947916567325592
3558 0.8500000238418579 0.3256944417953491 0.9500000476837158 0.4947916567325592
3570 0.8500000238418579 0.3256944417953491 0.9500000476837158 0.4947916567325592
3576 0.8500000238418579 0.3256944417953491 0.9500000476837158 0.4947916567325592
3582 0.8500000238418579 0.3256944417953491 0.9500000476837158 0.4947916567325592
3588 0.8484375476837158 0.3253472149372101 0.9500000476837158 0.4947916567325592
7692 0.8515625596046448 0.33124998211860657 0.9500000476837158 0.49340277910232544
7698 0.8515625596046448 0.3298611044883728 0.9492188096046448 0.49340277910232544
7704 0.8515625596046448 0.33124998211860657 0.9484375715255737 0.49340277910232544
7710 0.8515625596046448 0.3298611044883728 0.9484375715255737 0.49340277910232544
7716 0.8500000238418579 0.32951387763023376 0.9484375715255737 0.4937500059604645
7722 0.8500000238418579 0.32847222685813904 0.9484375715255737 0.4930555522441864
7728 0.8492187857627869 0.3270833194255829 0.9484375715255737 0.4930555522441864
7734 0.8484375476837158 0.32499998807907104 0.9500000476837158 0.49618053436279297
7740 0.8515625596046448 0.3291666507720947 0.9484375715255737 0.49444442987442017
11718 0.8500000238418579 0.3298611044883728 0.9500000476837158 0.4937500059604645
7752 0.8515625596046448 0.32847222685813904 0.9492188096046448 0.4937500059604645
11724 0.8500000238418579 0.3291666507720947 0.9484375715255737 0.49340277910232544
7758 0.8515625596046448 0.3291666507720947 0.9484375715255737 0.49444442987442017
11730 0.8500000238418579 0.3288194239139557 0.9500000476837158 0.4930555522441864
11748 0.8500000238418579 0.3291666507720947 0.9500000476837158 0.4930555522441864
7782 0.8500000238418579 0.3270833194255829 0.9500000476837158 0.4920138716697693
11754 0.8500000238418579 0.328125 0.9500000476837158 0.4930555522441864
7788 0.8492187857627869 0.3270833194255829 0.9500000476837158 0.4923610985279083
11760 0.8500000238418579 0.32847222685813904 0.9500000476837158 0.4930555522441864
7794 0.8500000238418579 0.32777777314186096 0.9500000476837158 0.4923610985279083
7812 0.8492187857627869 0.3263888955116272 0.9500000476837158 0.4920138716697693
11784 0.8507813215255737 0.3298611044883728 0.9500000476837158 0.4930555522441864
7818 0.8500000238418579 0.32604166865348816 0.9500000476837158 0.49166664481163025
11790 0.8507813215255737 0.3291666507720947 0.9515625238418579 0.4930555522441864
7824 0.8484375476837158 0.3229166567325592 0.9500000476837158 0.4923610985279083
11796 0.8515625596046448 0.3291666507720947 0.9500000476837158 0.4930555522441864
11814 0.8515625596046448 0.3298611044883728 0.9507812857627869 0.49444442987442017
7848 0.8492187857627869 0.3263888955116272 0.9500000476837158 0.49270832538604736
11820 0.8515625596046448 0.3288194239139557 0.9515625238418579 0.49444442987442017
7854 0.8500000238418579 0.3270833194255829 0.9500000476837158 0.4930555522441864
11826 0.8507813215255737 0.32847222685813904 0.9515625238418579 0.49444442987442017
11844 0.8507813215255737 0.32847222685813904 0.9515625238418579 0.49444442987442017
7878 0.8484375476837158 0.32499998807907104 0.9500000476837158 0.4930555522441864
11850 0.8507813215255737 0.32847222685813904 0.9515625238418579 0.49444442987442017
7884 0.8500000238418579 0.3270833194255829 0.9500000476837158 0.4930555522441864
11856 0.8500000238418579 0.328125 0.9500000476837158 0.49409720301628113
11874 0.8507813215255737 0.32847222685813904 0.9507812857627869 0.49444442987442017
7914 0.8492187857627869 0.32673609256744385 0.9500000476837158 0.49270832538604736
11880 0.8515625596046448 0.3288194239139557 0.9507812857627869 0.49444442987442017
7920 0.8500000238418579 0.3274305462837219 0.9500000476837158 0.4923610985279083
11886 0.8500000238418579 0.3291666507720947 0.9500000476837158 0.49444442987442017
7926 0.8500000238418579 0.3274305462837219 0.9492188096046448 0.49409720301628113
11892 0.8500000238418579 0.3298611044883728 0.9500000476837158 0.4937500059604645
11904 0.8500000238418579 0.32847222685813904 0.9515625238418579 0.49513888359069824
7944 0.8507813215255737 0.32777777314186096 0.9484375715255737 0.4937500059604645
11910 0.8500000238418579 0.328125 0.9515625238418579 0.49513888359069824
7950 0.8500000238418579 0.32847222685813904 0.9484375715255737 0.49409720301628113
11916 0.8500000238418579 0.32847222685813904 0.9515625238418579 0.4947916567325592
7956 0.8500000238418579 0.32777777314186096 0.9492188096046448 0.4937500059604645
7974 0.8500000238418579 0.3270833194255829 0.9492188096046448 0.49513888359069824
11940 0.8507813215255737 0.32847222685813904 0.9515625238418579 0.49444442987442017
7980 0.8500000238418579 0.32673609256744385 0.9492188096046448 0.49513888359069824
7986 0.8500000238418579 0.32673609256744385 0.9492188096046448 0.49513888359069824
11946 0.8500000238418579 0.32777777314186096 0.9515625238418579 0.4947916567325592
11952 0.8484375476837158 0.3270833194255829 0.9515625238418579 0.49444442987442017
8004 0.35625001788139343 0.003993055317550898 0.9507812857627869 0.2230902761220932
11970 0.8500000238418579 0.3274305462837219 0.9515625238418579 0.49409720301628113
8010 0.3798828423023224 0.0032986111473292112 0.9640625715255737 0.22604165971279144
11976 0.8500000238418579 0.3274305462837219 0.9515625238418579 0.4937500059604645
8016 0.40312501788139343 0.0031250000465661287 0.9851562976837158 0.2100694477558136
12000 0.8500000238418579 0.32777777314186096 0.9515625238418579 0.49409720301628113
8040 0.009667969308793545 0.07144097238779068 1.0 0.3645833134651184
8046 0.534375011920929 0.08993055671453476 0.9593750238418579 0.32170137763023376
12006 0.8500000238418579 0.32777777314186096 0.9515625238418579 0.49409720301628113
8052 0.0 0.10729166120290756 0.9835938215255737 0.34756943583488464
12012 0.8500000238418579 0.32777777314186096 0.9507812857627869 0.49409720301628113
12030 0.8507813215255737 0.32847222685813904 0.9500000476837158 0.49409720301628113
8070 0.05332031473517418 0.1354166716337204 1.0 0.41805553436279297
12036 0.8500000238418579 0.32777777314186096 0.9500000476837158 0.4937500059604645
8076 0.0791015699505806 0.12951388955116272 0.8015625476837158 0.4225694239139557
12042 0.8500000238418579 0.3274305462837219 0.9500000476837158 0.4937500059604645
8082 0.1044921949505806 0.12552082538604736 0.8375000357627869 0.4333333373069763
8100 0.15937501192092896 0.11354166269302368 0.8656250238418579 0.3743055462837219
12066 0.8507813215255737 0.32777777314186096 0.9500000476837158 0.49409720301628113
8106 0.2679687738418579 0.10616319626569748 0.8773437738418579 0.3958333134651184
12072 0.8507813215255737 0.32777777314186096 0.9500000476837158 0.49409720301628113
8112 0.279296875 0.10277777910232544 0.8976563215255737 0.37638887763023376
12078 0.8507813215255737 0.32777777314186096 0.9500000476837158 0.49409720301628113
