6 0.7007812857627869 0.18472221493721008 0.8929687738418579 0.5177083015441895
12 0.7007812857627869 0.18333333730697632 0.8929687738418579 0.5177083015441895
18 0.7007812857627869 0.18333333730697632 0.8929687738418579 0.5177083015441895
24 0.7007812857627869 0.18333333730697632 0.8929687738418579 0.5177083015441895
30 0.7007812857627869 0.18298611044883728 0.8929687738418579 0.5177083015441895
36 0.7000000476837158 0.18263888359069824 0.8937500715255737 0.5180555582046509
42 0.7000000476837158 0.18368054926395416 0.8937500715255737 0.5177083015441895
2304 0.8507813215255737 0.3270833194255829 0.9500000476837158 0.4937500059604645
2310 0.8507813215255737 0.3270833194255829 0.9500000476837158 0.49409720301628113
48 0.7000000476837158 0.18333333730697632 0.8929687738418579 0.5173611044883728
2316 0.8507813215255737 0.32777777314186096 0.9500000476837158 0.49444442987442017
54 0.7000000476837158 0.18298611044883728 0.8937500715255737 0.5173611044883728
1152 0.4476562738418579 0.2916666567325592 0.5554687976837158 0.46736109256744385
2322 0.8515625596046448 0.32777777314186096 0.9500000476837158 0.49409720301628113
60 0.7007812857627869 0.1840277761220932 0.8937500715255737 0.5173611044883728
1158 0.44453126192092896 0.29878470301628113 0.5523437857627869 0.4722222089767456
2328 0.8507813215255737 0.32777777314186096 0.9500000476837158 0.49409720301628113
1164 0.44218751788139343 0.30347222089767456 0.550000011920929 0.47708332538604736
66 0.7000000476837158 0.18263888359069824 0.8929687738418579 0.5173611044883728
2334 0.8507813215255737 0.328125 0.9500000476837158 0.4937500059604645
1170 0.43828126788139343 0.30659720301628113 0.546093761920929 0.4815972149372101
72 0.7000000476837158 0.18333333730697632 0.8929687738418579 0.5173611044883728
2340 0.8507813215255737 0.32777777314186096 0.9500000476837158 0.49409720301628113
1176 0.43515628576278687 0.3097222149372101 0.5437500476837158 0.4861111044883728
78 0.7000000476837158 0.18333333730697632 0.8929687738418579 0.5173611044883728
1182 0.43281251192092896 0.3152777850627899 0.5406250357627869 0.4902777671813965
2346 0.8507813215255737 0.32777777314186096 0.9500000476837158 0.4937500059604645
84 0.7000000476837158 0.18437500298023224 0.8929687738418579 0.5173611044883728
1188 0.4296875298023224 0.3201388716697693 0.5375000238418579 0.49513888359069824
2352 0.8507813215255737 0.32777777314186096 0.9500000476837158 0.49409720301628113
1194 0.4257812798023224 0.32430556416511536 0.5335937738418579 0.4993055462837219
2358 0.8500000238418579 0.32673609256744385 0.9500000476837158 0.49409720301628113
90 0.7007812857627869 0.18437500298023224 0.8929687738418579 0.5180555582046509
1200 0.698437511920929 0.18090277910232544 0.8921875357627869 0.515625
2364 0.8500000238418579 0.32673609256744385 0.9500000476837158 0.49409720301628113
96 0.7000000476837158 0.18437500298023224 0.8929687738418579 0.5173611044883728
2370 0.8500000238418579 0.3270833194255829 0.9500000476837158 0.49409720301628113
1206 0.698437511920929 0.18090277910232544 0.8921875357627869 0.5163194537162781
102 0.6992188096046448 0.18368054926395416 0.8929687738418579 0.5173611044883728
2376 0.8500000238418579 0.3270833194255829 0.9500000476837158 0.49409720301628113
1212 0.698437511920929 0.18090277910232544 0.8921875357627869 0.5159721970558167
108 0.7000000476837158 0.18368054926395416 0.8929687738418579 0.5173611044883728
2382 0.8507813215255737 0.32777777314186096 0.9500000476837158 0.49409720301628113
1218 0.698437511920929 0.18159721791744232 0.8921875357627869 0.5159721970558167
114 0.7000000476837158 0.1840277761220932 0.8929687738418579 0.5173611044883728
2388 0.8507813215255737 0.32777777314186096 0.9500000476837158 0.49409720301628113
1224 0.698437511920929 0.18090277910232544 0.8929687738418579 0.5152777433395386
120 0.6992188096046448 0.18263888359069824 0.8929687738418579 0.5173611044883728
2394 0.8507813215255737 0.32777777314186096 0.9500000476837158 0.4937500059604645
1230 0.698437511920929 0.18194444477558136 0.8929687738418579 0.5152777433395386
126 0.7000000476837158 0.18263888359069824 0.8929687738418579 0.5180555582046509
2400 0.8515625596046448 0.32847222685813904 0.9500000476837158 0.49409720301628113
1236 0.7000000476837158 0.18333333730697632 0.8921875357627869 0.5159721970558167
132 0.7007812857627869 0.18437500298023224 0.8929687738418579 0.5180555582046509
2406 0.8507813215255737 0.32777777314186096 0.9500000476837158 0.4937500059604645
1242 0.7000000476837158 0.18298611044883728 0.8929687738418579 0.5159721970558167
138 0.7000000476837158 0.18333333730697632 0.8929687738418579 0.5180555582046509
2412 0.8507813215255737 0.32777777314186096 0.9500000476837158 0.49409720301628113
1248 0.6992188096046448 0.18298611044883728 0.8929687738418579 0.515625
144 0.7000000476837158 0.18368054926395416 0.8929687738418579 0.5180555582046509
2418 0.8507813215255737 0.32777777314186096 0.9500000476837158 0.49409720301628113
1254 0.6992188096046448 0.18368054926395416 0.8937500715255737 0.5149305462837219
150 0.7007812857627869 0.1840277761220932 0.8929687738418579 0.5180555582046509
2424 0.8515625596046448 0.3274305462837219 0.9500000476837158 0.4947916567325592
1260 0.7000000476837158 0.18368054926395416 0.8937500715255737 0.5149305462837219
156 0.7000000476837158 0.18194444477558136 0.8921875357627869 0.5163194537162781
1266 0.7000000476837158 0.18437500298023224 0.8937500715255737 0.5145833492279053
2430 0.8515625596046448 0.3263888955116272 0.9500000476837158 0.4947916567325592
162 0.7000000476837158 0.18194444477558136 0.8921875357627869 0.5159721970558167
1272 0.6992188096046448 0.1840277761220932 0.8937500715255737 0.5145833492279053
2436 0.8500000238418579 0.32673609256744385 0.9500000476837158 0.4947916567325592
168 0.7000000476837158 0.18124999105930328 0.8921875357627869 0.5159721970558167
1278 0.6992188096046448 0.1840277761220932 0.8937500715255737 0.5145833492279053
2442 0.8515625596046448 0.3270833194255829 0.9500000476837158 0.4947916567325592
174 0.7000000476837158 0.18194444477558136 0.8921875357627869 0.5159721970558167
1284 0.6992188096046448 0.18368054926395416 0.8921875357627869 0.5145833492279053
2448 0.8515625596046448 0.3270833194255829 0.9500000476837158 0.49444442987442017
180 0.7000000476837158 0.18194444477558136 0.8921875357627869 0.5159721970558167
1290 0.7000000476837158 0.1840277761220932 0.8921875357627869 0.5145833492279053
2454 0.8515625596046448 0.3270833194255829 0.9500000476837158 0.49444442987442017
1296 0.7000000476837158 0.1840277761220932 0.8921875357627869 0.5145833492279053
186 0.7000000476837158 0.1805555522441864 0.8921875357627869 0.5159721970558167
1302 0.7000000476837158 0.18472221493721008 0.8921875357627869 0.5145833492279053
2460 0.8515625596046448 0.3270833194255829 0.9500000476837158 0.49444442987442017
192 0.7000000476837158 0.1805555522441864 0.8921875357627869 0.5159721970558167
2466 0.8515625596046448 0.3270833194255829 0.9500000476837158 0.49444442987442017
1308 0.698437511920929 0.18333333730697632 0.8937500715255737 0.5145833492279053
198 0.7000000476837158 0.18090277910232544 0.8921875357627869 0.5163194537162781
2472 0.8515625596046448 0.3270833194255829 0.9500000476837158 0.49444442987442017
1314 0.6992188096046448 0.18472221493721008 0.8921875357627869 0.5145833492279053
204 0.7000000476837158 0.18090277910232544 0.8921875357627869 0.5159721970558167
2478 0.8515625596046448 0.32777777314186096 0.9500000476837158 0.49513888359069824
1320 0.6992188096046448 0.18472221493721008 0.8921875357627869 0.5145833492279053
210 0.7007812857627869 0.1822916567325592 0.8921875357627869 0.5163194537162781
2484 0.8515625596046448 0.32777777314186096 0.9500000476837158 0.4954861104488373
1326 0.6992188096046448 0.18541666865348816 0.8921875357627869 0.5145833492279053
1332 0.6992188096046448 0.18472221493721008 0.8921875357627869 0.5145833492279053
2490 0.8515625596046448 0.32777777314186096 0.9500000476837158 0.4954861104488373
1338 0.6992188096046448 0.18506944179534912 0.8921875357627869 0.5145833492279053
2496 0.8515625596046448 0.32777777314186096 0.9500000476837158 0.4954861104488373
1344 0.6992188096046448 0.18472221493721008 0.8921875357627869 0.5149305462837219
2502 0.8500000238418579 0.3270833194255829 0.9500000476837158 0.49513888359069824
240 0.0 0.00902777723968029 0.02626953274011612 0.6305555701255798
1350 0.7000000476837158 0.1840277761220932 0.8929687738418579 0.5152777433395386
2508 0.8500000238418579 0.32777777314186096 0.9500000476837158 0.49513888359069824
246 0.0 0.00555555522441864 0.02585449442267418 0.6270833015441895
2514 0.8515625596046448 0.32777777314186096 0.9500000476837158 0.49513888359069824
252 0.0 0.0062500000931322575 0.02478027530014515 0.6260416507720947
2520 0.8515625596046448 0.32847222685813904 0.9500000476837158 0.4954861104488373
258 0.0 0.0072916666977107525 0.02419433742761612 0.6201388835906982
1356 0.6992188096046448 0.18333333730697632 0.8937500715255737 0.5152777433395386
2526 0.8507813215255737 0.32847222685813904 0.9500000476837158 0.4954861104488373
264 0.0 0.00277777761220932 0.43671876192092896 0.6215277910232544
1362 0.6992188096046448 0.18437500298023224 0.8929687738418579 0.5152777433395386
2532 0.8507813215255737 0.328125 0.9500000476837158 0.4954861104488373
270 0.0 0.0034722222480922937 0.02163086086511612 0.6159722208976746
1368 0.6992188096046448 0.1840277761220932 0.8921875357627869 0.5152777433395386
2538 0.8515625596046448 0.32847222685813904 0.9500000476837158 0.4958333373069763
276 0.0 0.01111111044883728 0.02100830152630806 0.6090277433395386
1374 0.8515625596046448 0.3274305462837219 0.9500000476837158 0.4923610985279083
2544 0.8507813215255737 0.32847222685813904 0.9500000476837158 0.4958333373069763
282 0.0 0.012500000186264515 0.01970214955508709 0.5569444298744202
288 0.0 0.01354166679084301 0.01842041127383709 0.5583333373069763
1380 0.8515625596046448 0.32777777314186096 0.9500000476837158 0.4930555522441864
2550 0.8507813215255737 0.32847222685813904 0.9500000476837158 0.49618053436279297
1386 0.8515625596046448 0.3270833194255829 0.9500000476837158 0.49444442987442017
2556 0.8507813215255737 0.32847222685813904 0.9500000476837158 0.4958333373069763
1392 0.8515625596046448 0.3263888955116272 0.9500000476837158 0.4937500059604645
2562 0.8507813215255737 0.32777777314186096 0.9500000476837158 0.49618053436279297
1398 0.8515625596046448 0.3263888955116272 0.9500000476837158 0.49409720301628113
2568 0.8507813215255737 0.32777777314186096 0.9500000476837158 0.4958333373069763
1404 0.8515625596046448 0.3263888955116272 0.9500000476837158 0.49444442987442017
2574 0.8507813215255737 0.3270833194255829 0.9500000476837158 0.4958333373069763
1410 0.8515625596046448 0.3270833194255829 0.9500000476837158 0.49444442987442017
2580 0.8507813215255737 0.3270833194255829 0.9500000476837158 0.4958333373069763
1416 0.8515625596046448 0.3270833194255829 0.9500000476837158 0.49409720301628113
2586 0.8507813215255737 0.3270833194255829 0.9500000476837158 0.4958333373069763
1422 0.8515625596046448 0.32673609256744385 0.9500000476837158 0.49340277910232544
2592 0.8507813215255737 0.3270833194255829 0.9507812857627869 0.4958333373069763
1428 0.8515625596046448 0.3263888955116272 0.9500000476837158 0.4937500059604645
1434 0.8515625596046448 0.3263888955116272 0.9500000476837158 0.49409720301628113
2598 0.8507813215255737 0.3270833194255829 0.9500000476837158 0.4958333373069763
1440 0.8515625596046448 0.3263888955116272 0.9500000476837158 0.49409720301628113
2604 0.8507813215255737 0.32777777314186096 0.9507812857627869 0.4958333373069763
2610 0.8507813215255737 0.3270833194255829 0.9500000476837158 0.4958333373069763
1446 0.8515625596046448 0.3263888955116272 0.9500000476837158 0.4937500059604645
2616 0.0 0.10520832985639572 0.9835938215255737 0.3420138955116272
1452 0.8515625596046448 0.3270833194255829 0.9500000476837158 0.4937500059604645
2622 0.007519531529396772 0.11944444477558136 0.9875000715255737 0.3725694417953491
1458 0.8515625596046448 0.3270833194255829 0.9500000476837158 0.4937500059604645
366 0.0 0.0381944440305233 0.06416016072034836 0.2899305522441864
1464 0.8515625596046448 0.3270833194255829 0.9500000476837158 0.4937500059604645
2628 0.02871093899011612 0.12951388955116272 0.9984375238418579 0.39097222685813904
1470 0.8531250357627869 0.32777777314186096 0.9500000476837158 0.49340277910232544
1476 0.8515625596046448 0.32777777314186096 0.9500000476837158 0.4937500059604645
2634 0.05156250298023224 0.1371527761220932 1.0 0.40486109256744385
1482 0.8523437976837158 0.32847222685813904 0.9500000476837158 0.49340277910232544
2640 0.0761718824505806 0.13055555522441864 0.8000000715255737 0.41631942987442017
1488 0.8515625596046448 0.3270833194255829 0.9500000476837158 0.49340277910232544
384 0.0 0.0434027761220932 0.06972656399011612 0.28958332538604736
1494 0.8500000238418579 0.3263888955116272 0.9500000476837158 0.49340277910232544
2646 0.10126953572034836 0.12447916716337204 0.8304687738418579 0.43541666865348816
1500 0.8515625596046448 0.32777777314186096 0.9500000476837158 0.4930555522441864
2652 0.1210937574505806 0.12118055671453476 0.8492187857627869 0.40486109256744385
1506 0.8515625596046448 0.32777777314186096 0.9500000476837158 0.4930555522441864
2658 0.13613282144069672 0.11423610895872116 0.8531250357627869 0.40763887763023376
2664 0.15664063394069672 0.1111111119389534 0.8609375357627869 0.37013888359069824
1512 0.8515625596046448 0.32777777314186096 0.9500000476837158 0.4930555522441864
1518 0.8515625596046448 0.32777777314186096 0.9500000476837158 0.4930555522441864
2670 0.2660156488418579 0.10624999552965164 0.8757812976837158 0.39027777314186096
1524 0.8515625596046448 0.32777777314186096 0.9500000476837158 0.4930555522441864
2676 0.2779296934604645 0.10729166120290756 0.8937500715255737 0.3881944417953491
1530 0.8515625596046448 0.32777777314186096 0.9500000476837158 0.4930555522441864
2682 0.28632813692092896 0.08993055671453476 0.9039062857627869 0.37118053436279297
1536 0.8515625596046448 0.32777777314186096 0.9500000476837158 0.4930555522441864
2688 0.0 0.01874999888241291 0.9171875715255737 0.4989583194255829
1542 0.8500000238418579 0.3270833194255829 0.9500000476837158 0.4930555522441864
2694 0.0 0.01111111044883728 0.9312500357627869 0.7826388478279114
1548 0.8500000238418579 0.32673609256744385 0.9500000476837158 0.4923610985279083
2700 0.02324218861758709 0.01041666604578495 0.9531250596046448 0.7888888716697693
1554 0.8515625596046448 0.3270833194255829 0.9500000476837158 0.4930555522441864
2706 0.04221191629767418 0.01666666567325592 0.9781250357627869 0.7861111164093018
1560 0.8515625596046448 0.32777777314186096 0.9500000476837158 0.4930555522441864
2712 0.18593750894069672 0.013194444589316845 1.0 0.7861111164093018
1566 0.8515625596046448 0.32777777314186096 0.9500000476837158 0.4930555522441864
2718 0.2402343899011612 0.013888888992369175 0.9039062857627869 0.7861111164093018
1572 0.8515625596046448 0.32777777314186096 0.9500000476837158 0.4930555522441864
2724 0.2828125059604645 0.0062500000931322575 0.9125000238418579 0.7833333015441895
1578 0.8515625596046448 0.32777777314186096 0.9500000476837158 0.4930555522441864
1584 0.8515625596046448 0.32777777314186096 0.9500000476837158 0.4930555522441864
2730 0.13310547173023224 0.00416666641831398 0.5203125476837158 0.7208333015441895
1590 0.8515625596046448 0.32777777314186096 0.9500000476837158 0.4930555522441864
2736 0.41562503576278687 0.0076388888992369175 0.5984375476837158 0.6326388716697693
1596 0.8515625596046448 0.32777777314186096 0.9500000476837158 0.49270832538604736
2742 0.43671876192092896 0.01284722238779068 0.671093761920929 0.621874988079071
1602 0.8515625596046448 0.32777777314186096 0.9500000476837158 0.4930555522441864
2748 0.2226562649011612 0.009374999441206455 0.7671875357627869 0.6145833134651184
1608 0.8515625596046448 0.32777777314186096 0.9500000476837158 0.4937500059604645
2754 0.22343751788139343 0.01041666604578495 0.8117188215255737 0.6708333492279053
1614 0.8515625596046448 0.32777777314186096 0.9500000476837158 0.4937500059604645
2760 0.51953125 0.00972222164273262 0.8140625357627869 0.7319444417953491
1620 0.8531250357627869 0.32847222685813904 0.9500000476837158 0.4937500059604645
2766 0.5414062738418579 0.014583333395421505 0.8156250715255737 0.7652777433395386
1626 0.8515625596046448 0.32777777314186096 0.9500000476837158 0.4937500059604645
1632 0.8515625596046448 0.32777777314186096 0.9500000476837158 0.4937500059604645
1638 0.8515625596046448 0.32777777314186096 0.9500000476837158 0.4930555522441864
2772 0.18544922769069672 0.00416666641831398 0.8234375715255737 0.7777777910232544
540 0.20976564288139343 0.22499999403953552 1.0 0.6513888835906982
1644 0.8515625596046448 0.32777777314186096 0.9500000476837158 0.4930555522441864
2778 0.3183594048023224 0.013194444589316845 0.8773437738418579 0.7506944537162781
546 0.20937500894069672 0.22552083432674408 1.0 0.6513888835906982
1650 0.8515625596046448 0.32777777314186096 0.9500000476837158 0.4937500059604645
2784 0.33906251192092896 0.006770833395421505 0.9765625596046448 0.6833333373069763
552 0.20957031846046448 0.22638888657093048 1.0 0.6520833373069763
1656 0.8515625596046448 0.32777777314186096 0.9500000476837158 0.4937500059604645
2790 0.676953136920929 0.0036458333488553762 1.0 0.6631944179534912
558 0.20937500894069672 0.22760416567325592 1.0 0.652430534362793
2796 0.0 0.11319444328546524 0.7820312976837158 0.5767360925674438
564 0.2089843899011612 0.22777777910232544 1.0 0.6520833373069763
2802 0.0001220703125 0.11909721791744232 0.8148437738418579 0.5843749642372131
570 0.2089843899011612 0.22777777910232544 1.0 0.6520833373069763
576 0.2089843899011612 0.22795137763023376 1.0 0.652430534362793
2808 0.002001953311264515 0.11736110597848892 0.8804687857627869 0.5944444537162781
2814 0.006213379092514515 0.09791666269302368 0.9000000357627869 0.6111111044883728
582 0.267578125 0.22847221791744232 1.0 0.6527777910232544
2820 0.02158203162252903 0.0902777761220932 0.9187500476837158 0.6194444298744202
588 0.267578125 0.22847221791744232 0.9992188215255737 0.652430534362793
594 0.267578125 0.22899305820465088 0.9984375238418579 0.652430534362793
2826 0.02890625223517418 0.10000000149011612 0.9859375357627869 0.6847221851348877
600 0.2671875059604645 0.22864583134651184 1.0 0.652430534362793
2832 0.0773925855755806 0.10451388359069824 1.0 0.675000011920929
606 0.2671875059604645 0.22968749701976776 0.9992188215255737 0.6527777910232544
2838 0.10214844346046448 0.08124999701976776 1.0 0.625
612 0.2671875059604645 0.23020832240581512 0.9984375238418579 0.6527777910232544
618 0.26679688692092896 0.22986111044883728 0.9968750476837158 0.6534721851348877
2844 0.12802734971046448 0.07604166865348816 1.0 0.6284722089767456
624 0.26679688692092896 0.23055554926395416 0.9968750476837158 0.6534721851348877
2850 0.14921875298023224 0.06527777761220932 0.555859386920929 0.6041666269302368
630 0.26679688692092896 0.23055554926395416 0.9960938096046448 0.6541666388511658
2856 0.1684570461511612 0.06006944179534912 0.5914062857627869 0.5416666865348816
636 0.26679688692092896 0.23125000298023224 0.9960938096046448 0.6534721851348877
642 0.26640626788139343 0.23246526718139648 0.9953125715255737 0.6541666388511658
2862 0.1811523586511612 0.05572916567325592 0.6148437857627869 0.4930555522441864
2868 0.20742188394069672 0.04544270783662796 0.6421875357627869 0.4861111044883728
648 0.26640626788139343 0.23298610746860504 0.9984375238418579 0.6538194417953491
2874 0.23984375596046448 0.05069444328546524 0.6742187738418579 0.5006944537162781
2880 0.26835939288139343 0.03888888657093048 0.8843750357627869 0.5249999761581421
654 0.2660156488418579 0.23298610746860504 0.9984375238418579 0.6541666388511658
2886 0.1743164211511612 0.0364583320915699 0.9484375715255737 0.5020833015441895
660 0.2660156488418579 0.23333333432674408 0.9984375238418579 0.6541666388511658
2892 0.1093750074505806 0.0027343749534338713 0.9992188215255737 0.5062499642372131
666 0.2660156488418579 0.234375 0.9984375238418579 0.6548610925674438
2898 0.14560547471046448 0.00416666641831398 1.0 0.5138888955116272
672 0.265625 0.2352430522441864 0.9976562857627869 0.6548610925674438
2904 0.18789063394069672 0.00642361119389534 0.8468750715255737 0.5083333253860474
678 0.265625 0.23541666567325592 0.9976562857627869 0.6555555462837219
684 0.265625 0.2352430522441864 0.9984375238418579 0.65625
2910 0.0 0.05624999850988388 0.5375000238418579 0.5861111283302307
690 0.26484376192092896 0.23680555820465088 0.9984375238418579 0.65625
2916 0.0 0.006770833395421505 0.5492187738418579 0.6263889074325562
696 0.2652343809604645 0.23628471791744232 0.9984375238418579 0.6565971970558167
702 0.26484376192092896 0.23888888955116272 0.9984375238418579 0.6569444537162781
2922 0.011718750931322575 0.01684027723968029 0.5699219107627869 0.6416666507720947
708 0.26484376192092896 0.23680555820465088 0.9984375238418579 0.6569444537162781
2928 0.43828126788139343 0.19895832240581512 0.7441406846046448 0.6465277671813965
714 0.26445314288139343 0.23749999701976776 0.9984375238418579 0.6572916507720947
2934 0.4613281488418579 0.19131943583488464 0.7757812738418579 0.5618055462837219
720 0.26445314288139343 0.23819443583488464 0.9984375238418579 0.6572916507720947
726 0.2640625238418579 0.23906250298023224 0.9992188215255737 0.6569444537162781
2946 0.010791015811264515 0.02135416679084301 0.43437501788139343 0.590624988079071
732 0.263671875 0.2395833283662796 0.9992188215255737 0.6572916507720947
738 0.263671875 0.24010416865348816 1.0 0.6576388478279114
2952 0.0 0.01102430559694767 0.6507812738418579 0.7548611164093018
744 0.263671875 0.24079860746860504 1.0 0.6576388478279114
750 0.263671875 0.24027776718139648 1.0 0.6576388478279114
756 0.2632812559604645 0.24097222089767456 1.0 0.6579861044883728
1872 0.3964844048023224 0.013281249441206455 0.42929691076278687 0.11032985895872116
762 0.2632812559604645 0.24062499403953552 0.8750000596046448 0.6576388478279114
