6 0.7007812857627869 0.18472221493721008 0.8929687738418579 0.5177083015441895
12 0.7007812857627869 0.18333333730697632 0.8929687738418579 0.5177083015441895
18 0.7007812857627869 0.18333333730697632 0.8929687738418579 0.5177083015441895
24 0.7007812857627869 0.18333333730697632 0.8929687738418579 0.5177083015441895
2304 0.8507813215255737 0.3270833194255829 0.9500000476837158 0.4937500059604645
30 0.7007812857627869 0.18298611044883728 0.8929687738418579 0.5177083015441895
2310 0.8507813215255737 0.3270833194255829 0.9500000476837158 0.49409720301628113
2316 0.8507813215255737 0.32777777314186096 0.9500000476837158 0.49444442987442017
36 0.7000000476837158 0.18263888359069824 0.8937500715255737 0.5180555582046509
1152 0.4476562738418579 0.2916666567325592 0.5554687976837158 0.46736109256744385
2322 0.8515625596046448 0.32777777314186096 0.9500000476837158 0.49409720301628113
42 0.7000000476837158 0.18368054926395416 0.8937500715255737 0.5177083015441895
1158 0.44453126192092896 0.29878470301628113 0.5523437857627869 0.4722222089767456
2328 0.8507813215255737 0.32777777314186096 0.9500000476837158 0.49409720301628113
48 0.7000000476837158 0.18333333730697632 0.8929687738418579 0.5173611044883728
1164 0.44218751788139343 0.30347222089767456 0.550000011920929 0.47708332538604736
2334 0.8507813215255737 0.328125 0.9500000476837158 0.4937500059604645
54 0.7000000476837158 0.18298611044883728 0.8937500715255737 0.5173611044883728
1170 0.43828126788139343 0.30659720301628113 0.546093761920929 0.4815972149372101
2340 0.8507813215255737 0.32777777314186096 0.9500000476837158 0.49409720301628113
60 0.7007812857627869 0.1840277761220932 0.8937500715255737 0.5173611044883728
1176 0.43515628576278687 0.3097222149372101 0.5437500476837158 0.4861111044883728
2346 0.8507813215255737 0.32777777314186096 0.9500000476837158 0.4937500059604645
66 0.7000000476837158 0.18263888359069824 0.8929687738418579 0.5173611044883728
1182 0.43281251192092896 0.3152777850627899 0.5406250357627869 0.4902777671813965
2352 0.8507813215255737 0.32777777314186096 0.9500000476837158 0.49409720301628113
72 0.7000000476837158 0.18333333730697632 0.8929687738418579 0.5173611044883728
1188 0.4296875298023224 0.3201388716697693 0.5375000238418579 0.49513888359069824
2358 0.8500000238418579 0.32673609256744385 0.9500000476837158 0.49409720301628113
78 0.7000000476837158 0.18333333730697632 0.8929687738418579 0.5173611044883728
1194 0.4257812798023224 0.32430556416511536 0.5335937738418579 0.4993055462837219
2364 0.8500000238418579 0.32673609256744385 0.9500000476837158 0.49409720301628113
84 0.7000000476837158 0.18437500298023224 0.8929687738418579 0.5173611044883728
1200 0.698437511920929 0.18090277910232544 0.8921875357627869 0.515625
2370 0.8500000238418579 0.3270833194255829 0.9500000476837158 0.49409720301628113
90 0.7007812857627869 0.18437500298023224 0.8929687738418579 0.5180555582046509
1206 0.698437511920929 0.18090277910232544 0.8921875357627869 0.5163194537162781
2376 0.8500000238418579 0.3270833194255829 0.9500000476837158 0.49409720301628113
96 0.7000000476837158 0.18437500298023224 0.8929687738418579 0.5173611044883728
1212 0.698437511920929 0.18090277910232544 0.8921875357627869 0.5159721970558167
2382 0.8507813215255737 0.32777777314186096 0.9500000476837158 0.49409720301628113
102 0.6992188096046448 0.18368054926395416 0.8929687738418579 0.5173611044883728
1218 0.698437511920929 0.18159721791744232 0.8921875357627869 0.5159721970558167
2388 0.8507813215255737 0.32777777314186096 0.9500000476837158 0.49409720301628113
108 0.7000000476837158 0.18368054926395416 0.8929687738418579 0.5173611044883728
1224 0.698437511920929 0.18090277910232544 0.8929687738418579 0.5152777433395386
2394 0.8507813215255737 0.32777777314186096 0.9500000476837158 0.4937500059604645
114 0.7000000476837158 0.1840277761220932 0.8929687738418579 0.5173611044883728
1230 0.698437511920929 0.18194444477558136 0.8929687738418579 0.5152777433395386
2400 0.8515625596046448 0.32847222685813904 0.9500000476837158 0.49409720301628113
120 0.6992188096046448 0.18263888359069824 0.8929687738418579 0.5173611044883728
1236 0.7000000476837158 0.18333333730697632 0.8921875357627869 0.5159721970558167
2406 0.8507813215255737 0.32777777314186096 0.9500000476837158 0.4937500059604645
126 0.7000000476837158 0.18263888359069824 0.8929687738418579 0.5180555582046509
1242 0.7000000476837158 0.18298611044883728 0.8929687738418579 0.5159721970558167
2412 0.8507813215255737 0.32777777314186096 0.9500000476837158 0.49409720301628113
132 0.7007812857627869 0.18437500298023224 0.8929687738418579 0.5180555582046509
1248 0.6992188096046448 0.18298611044883728 0.8929687738418579 0.515625
2418 0.8507813215255737 0.32777777314186096 0.9500000476837158 0.49409720301628113
138 0.7000000476837158 0.18333333730697632 0.8929687738418579 0.5180555582046509
1254 0.6992188096046448 0.18368054926395416 0.8937500715255737 0.5149305462837219
2424 0.8515625596046448 0.3274305462837219 0.9500000476837158 0.4947916567325592
144 0.7000000476837158 0.18368054926395416 0.8929687738418579 0.5180555582046509
1260 0.7000000476837158 0.18368054926395416 0.8937500715255737 0.5149305462837219
2430 0.8515625596046448 0.3263888955116272 0.9500000476837158 0.4947916567325592
150 0.7007812857627869 0.1840277761220932 0.8929687738418579 0.5180555582046509
1266 0.7000000476837158 0.18437500298023224 0.8937500715255737 0.5145833492279053
2436 0.8500000238418579 0.32673609256744385 0.9500000476837158 0.4947916567325592
156 0.7000000476837158 0.18194444477558136 0.8921875357627869 0.5163194537162781
1272 0.6992188096046448 0.1840277761220932 0.8937500715255737 0.5145833492279053
2442 0.8515625596046448 0.3270833194255829 0.9500000476837158 0.4947916567325592
162 0.7000000476837158 0.18194444477558136 0.8921875357627869 0.5159721970558167
1278 0.6992188096046448 0.1840277761220932 0.8937500715255737 0.5145833492279053
2448 0.8515625596046448 0.3270833194255829 0.9500000476837158 0.49444442987442017
168 0.7000000476837158 0.18124999105930328 0.8921875357627869 0.5159721970558167
1284 0.6992188096046448 0.18368054926395416 0.8921875357627869 0.5145833492279053
2454 0.8515625596046448 0.3270833194255829 0.9500000476837158 0.49444442987442017
174 0.7000000476837158 0.18194444477558136 0.8921875357627869 0.5159721970558167
1290 0.7000000476837158 0.1840277761220932 0.8921875357627869 0.5145833492279053
2460 0.8515625596046448 0.3270833194255829 0.9500000476837158 0.49444442987442017
180 0.7000000476837158 0.18194444477558136 0.8921875357627869 0.5159721970558167
1296 0.7000000476837158 0.1840277761220932 0.8921875357627869 0.5145833492279053
2466 0.8515625596046448 0.3270833194255829 0.9500000476837158 0.49444442987442017
186 0.7000000476837158 0.1805555522441864 0.8921875357627869 0.5159721970558167
1302 0.7000000476837158 0.18472221493721008 0.8921875357627869 0.5145833492279053
2472 0.8515625596046448 0.3270833194255829 0.9500000476837158 0.49444442987442017
192 0.7000000476837158 0.1805555522441864 0.8921875357627869 0.5159721970558167
1308 0.698437511920929 0.18333333730697632 0.8937500715255737 0.5145833492279053
2478 0.8515625596046448 0.32777777314186096 0.9500000476837158 0.49513888359069824
198 0.7000000476837158 0.18090277910232544 0.8921875357627869 0.5163194537162781
1314 0.6992188096046448 0.18472221493721008 0.8921875357627869 0.5145833492279053
2484 0.8515625596046448 0.32777777314186096 0.9500000476837158 0.4954861104488373
204 0.7000000476837158 0.18090277910232544 0.8921875357627869 0.5159721970558167
1320 0.6992188096046448 0.18472221493721008 0.8921875357627869 0.5145833492279053
210 0.7007812857627869 0.1822916567325592 0.8921875357627869 0.5163194537162781
2490 0.8515625596046448 0.32777777314186096 0.9500000476837158 0.4954861104488373
1326 0.6992188096046448 0.18541666865348816 0.8921875357627869 0.5145833492279053
216 0.0 0.01892361044883728 0.03054199367761612 0.6479166746139526
2496 0.8515625596046448 0.32777777314186096 0.9500000476837158 0.4954861104488373
1332 0.6992188096046448 0.18472221493721008 0.8921875357627869 0.5145833492279053
2502 0.8500000238418579 0.3270833194255829 0.9500000476837158 0.49513888359069824
1338 0.6992188096046448 0.18506944179534912 0.8921875357627869 0.5145833492279053
2508 0.8500000238418579 0.32777777314186096 0.9500000476837158 0.49513888359069824
228 0.0 0.01041666604578495 0.02832031436264515 0.6402777433395386
1344 0.6992188096046448 0.18472221493721008 0.8921875357627869 0.5149305462837219
234 0.0 0.00902777723968029 0.02768554911017418 0.633680522441864
2514 0.8515625596046448 0.32777777314186096 0.9500000476837158 0.49513888359069824
1350 0.7000000476837158 0.1840277761220932 0.8929687738418579 0.5152777433395386
240 0.0 0.00902777723968029 0.02626953274011612 0.6305555701255798
2520 0.8515625596046448 0.32847222685813904 0.9500000476837158 0.4954861104488373
1356 0.6992188096046448 0.18333333730697632 0.8937500715255737 0.5152777433395386
246 0.0 0.00555555522441864 0.02585449442267418 0.6270833015441895
2526 0.8507813215255737 0.32847222685813904 0.9500000476837158 0.4954861104488373
1362 0.6992188096046448 0.18437500298023224 0.8929687738418579 0.5152777433395386
252 0.0 0.0062500000931322575 0.02478027530014515 0.6260416507720947
2532 0.8507813215255737 0.328125 0.9500000476837158 0.4954861104488373
1368 0.6992188096046448 0.1840277761220932 0.8921875357627869 0.5152777433395386
258 0.0 0.0072916666977107525 0.4359375238418579 0.6201388835906982
2538 0.8515625596046448 0.32847222685813904 0.9500000476837158 0.4958333373069763
1374 0.8515625596046448 0.3274305462837219 0.9500000476837158 0.4923610985279083
264 0.0 0.00277777761220932 0.43671876192092896 0.6215277910232544
2544 0.8507813215255737 0.32847222685813904 0.9500000476837158 0.4958333373069763
1380 0.8515625596046448 0.32777777314186096 0.9500000476837158 0.4930555522441864
270 0.0 0.0034722222480922937 0.4355469048023224 0.6159722208976746
2550 0.8507813215255737 0.32847222685813904 0.9500000476837158 0.49618053436279297
1386 0.8515625596046448 0.3270833194255829 0.9500000476837158 0.49444442987442017
276 0.0 0.01111111044883728 0.02100830152630806 0.6090277433395386
2556 0.8507813215255737 0.32847222685813904 0.9500000476837158 0.4958333373069763
1392 0.8515625596046448 0.3263888955116272 0.9500000476837158 0.4937500059604645
282 0.0 0.012500000186264515 0.01970214955508709 0.5569444298744202
2562 0.8507813215255737 0.32777777314186096 0.9500000476837158 0.49618053436279297
1398 0.8515625596046448 0.3263888955116272 0.9500000476837158 0.49409720301628113
2568 0.8507813215255737 0.32777777314186096 0.9500000476837158 0.4958333373069763
1404 0.8515625596046448 0.3263888955116272 0.9500000476837158 0.49444442987442017
288 0.0 0.01354166679084301 0.01842041127383709 0.5583333373069763
1410 0.8515625596046448 0.3270833194255829 0.9500000476837158 0.49444442987442017
294 0.0 0.015625 0.0172119140625 0.5364583134651184
2574 0.8507813215255737 0.3270833194255829 0.9500000476837158 0.4958333373069763
1416 0.8515625596046448 0.3270833194255829 0.9500000476837158 0.49409720301628113
2580 0.8507813215255737 0.3270833194255829 0.9500000476837158 0.4958333373069763
1422 0.8515625596046448 0.32673609256744385 0.9500000476837158 0.49340277910232544
2586 0.8507813215255737 0.3270833194255829 0.9500000476837158 0.4958333373069763
1428 0.8515625596046448 0.3263888955116272 0.9500000476837158 0.4937500059604645
2592 0.8507813215255737 0.3270833194255829 0.9507812857627869 0.4958333373069763
1434 0.8515625596046448 0.3263888955116272 0.9500000476837158 0.49409720301628113
318 0.0 0.02361111156642437 0.0512695349752903 0.27638888359069824
2598 0.8507813215255737 0.3270833194255829 0.9500000476837158 0.4958333373069763
1440 0.8515625596046448 0.3263888955116272 0.9500000476837158 0.49409720301628113
2604 0.8507813215255737 0.32777777314186096 0.9507812857627869 0.4958333373069763
1446 0.8515625596046448 0.3263888955116272 0.9500000476837158 0.4937500059604645
2610 0.8507813215255737 0.3270833194255829 0.9500000476837158 0.4958333373069763
1452 0.8515625596046448 0.3270833194255829 0.9500000476837158 0.4937500059604645
2616 0.0 0.10520832985639572 0.9835938215255737 0.3420138955116272
1458 0.8515625596046448 0.3270833194255829 0.9500000476837158 0.4937500059604645
2622 0.007519531529396772 0.11944444477558136 0.9875000715255737 0.3725694417953491
1464 0.8515625596046448 0.3270833194255829 0.9500000476837158 0.4937500059604645
2628 0.02871093899011612 0.12951388955116272 0.9984375238418579 0.39097222685813904
1470 0.8531250357627869 0.32777777314186096 0.9500000476837158 0.49340277910232544
2634 0.05156250298023224 0.1371527761220932 1.0 0.40486109256744385
1476 0.8515625596046448 0.32777777314186096 0.9500000476837158 0.4937500059604645
360 0.0 0.03802083432674408 0.06210937723517418 0.29392361640930176
2640 0.0761718824505806 0.13055555522441864 0.8000000715255737 0.41631942987442017
1482 0.8523437976837158 0.32847222685813904 0.9500000476837158 0.49340277910232544
366 0.0 0.0381944440305233 0.06416016072034836 0.2899305522441864
2646 0.10126953572034836 0.12447916716337204 0.8304687738418579 0.43541666865348816
1488 0.8515625596046448 0.3270833194255829 0.9500000476837158 0.49340277910232544
2652 0.1210937574505806 0.12118055671453476 0.8492187857627869 0.40486109256744385
2658 0.13613282144069672 0.11423610895872116 0.8531250357627869 0.40763887763023376
1494 0.8500000238418579 0.3263888955116272 0.9500000476837158 0.49340277910232544
384 0.0 0.0434027761220932 0.06972656399011612 0.28958332538604736
1500 0.8515625596046448 0.32777777314186096 0.9500000476837158 0.4930555522441864
2664 0.15664063394069672 0.1111111119389534 0.8609375357627869 0.37013888359069824
1506 0.8515625596046448 0.32777777314186096 0.9500000476837158 0.4930555522441864
2670 0.18281251192092896 0.10624999552965164 0.8757812976837158 0.39027777314186096
1512 0.8515625596046448 0.32777777314186096 0.9500000476837158 0.4930555522441864
2676 0.2779296934604645 0.10729166120290756 0.8937500715255737 0.3881944417953491
1518 0.8515625596046448 0.32777777314186096 0.9500000476837158 0.4930555522441864
2682 0.0001464843808207661 0.0076388888992369175 0.9039062857627869 0.4229166507720947
1524 0.8515625596046448 0.32777777314186096 0.9500000476837158 0.4930555522441864
2688 0.0 0.01874999888241291 0.9171875715255737 0.4989583194255829
1530 0.8515625596046448 0.32777777314186096 0.9500000476837158 0.4930555522441864
2694 0.0 0.01111111044883728 0.9312500357627869 0.7826388478279114
420 0.0 0.04939236119389534 0.08071289211511612 0.3645833134651184
1536 0.8515625596046448 0.32777777314186096 0.9500000476837158 0.4930555522441864
2700 0.02324218861758709 0.01041666604578495 0.9531250596046448 0.7888888716697693
426 0.0 0.04800347238779068 0.08217773586511612 0.36319443583488464
1542 0.8500000238418579 0.3270833194255829 0.9500000476837158 0.4930555522441864
2706 0.04221191629767418 0.01666666567325592 0.9781250357627869 0.7861111164093018
1548 0.8500000238418579 0.32673609256744385 0.9500000476837158 0.4923610985279083
2712 0.18593750894069672 0.013194444589316845 1.0 0.7861111164093018
1554 0.8515625596046448 0.3270833194255829 0.9500000476837158 0.4930555522441864
2718 0.2402343899011612 0.013888888992369175 0.9039062857627869 0.7861111164093018
444 0.0 0.05173610895872116 0.08901367336511612 0.3680555522441864
1560 0.8515625596046448 0.32777777314186096 0.9500000476837158 0.4930555522441864
2724 0.2828125059604645 0.0062500000931322575 0.9125000238418579 0.7833333015441895
1566 0.8515625596046448 0.32777777314186096 0.9500000476837158 0.4930555522441864
1572 0.8515625596046448 0.32777777314186096 0.9500000476837158 0.4930555522441864
2730 0.13310547173023224 0.00416666641831398 0.5203125476837158 0.7208333015441895
1578 0.8515625596046448 0.32777777314186096 0.9500000476837158 0.4930555522441864
2736 0.41562503576278687 0.0076388888992369175 0.5984375476837158 0.6326388716697693
1584 0.8515625596046448 0.32777777314186096 0.9500000476837158 0.4930555522441864
2742 0.43671876192092896 0.01284722238779068 0.671093761920929 0.621874988079071
1590 0.8515625596046448 0.32777777314186096 0.9500000476837158 0.4930555522441864
2748 0.2226562649011612 0.009374999441206455 0.7671875357627869 0.6145833134651184
2754 0.22343751788139343 0.01041666604578495 0.8117188215255737 0.6708333492279053
1596 0.8515625596046448 0.32777777314186096 0.9500000476837158 0.49270832538604736
2760 0.25468751788139343 0.00972222164273262 0.8140625357627869 0.7319444417953491
1602 0.8515625596046448 0.32777777314186096 0.9500000476837158 0.4930555522441864
2766 0.5414062738418579 0.014583333395421505 0.8156250715255737 0.7652777433395386
1608 0.8515625596046448 0.32777777314186096 0.9500000476837158 0.4937500059604645
2772 0.18544922769069672 0.00416666641831398 0.8234375715255737 0.7777777910232544
2778 0.16132813692092896 0.013194444589316845 0.8773437738418579 0.7506944537162781
1614 0.8515625596046448 0.32777777314186096 0.9500000476837158 0.4937500059604645
2784 0.33906251192092896 0.006770833395421505 0.9765625596046448 0.6833333373069763
1620 0.8531250357627869 0.32847222685813904 0.9500000476837158 0.4937500059604645
1626 0.8515625596046448 0.32777777314186096 0.9500000476837158 0.4937500059604645
2790 0.0 0.0036458333488553762 1.0 0.6631944179534912
2796 0.0 0.11319444328546524 0.7820312976837158 0.5767360925674438
1632 0.8515625596046448 0.32777777314186096 0.9500000476837158 0.4937500059604645
1638 0.8515625596046448 0.32777777314186096 0.9500000476837158 0.4930555522441864
2802 0.0001220703125 0.11909721791744232 0.8148437738418579 0.5843749642372131
1644 0.8515625596046448 0.32777777314186096 0.9500000476837158 0.4930555522441864
2808 0.002001953311264515 0.11736110597848892 0.8804687857627869 0.5944444537162781
2814 0.006213379092514515 0.09791666269302368 0.9000000357627869 0.6111111044883728
1650 0.8515625596046448 0.32777777314186096 0.9500000476837158 0.4937500059604645
540 0.20976564288139343 0.22499999403953552 1.0 0.6513888835906982
546 0.20937500894069672 0.22552083432674408 1.0 0.6513888835906982
2820 0.02158203162252903 0.0902777761220932 0.9187500476837158 0.6194444298744202
1656 0.8515625596046448 0.32777777314186096 0.9500000476837158 0.4937500059604645
2826 0.02890625223517418 0.10000000149011612 0.9859375357627869 0.6847221851348877
552 0.20957031846046448 0.22638888657093048 1.0 0.6520833373069763
558 0.20937500894069672 0.22760416567325592 1.0 0.652430534362793
2832 0.06171875447034836 0.08689235895872116 1.0 0.675000011920929
564 0.2089843899011612 0.22777777910232544 1.0 0.6520833373069763
2838 0.10214844346046448 0.08124999701976776 1.0 0.625
570 0.2089843899011612 0.22777777910232544 1.0 0.6520833373069763
2844 0.12802734971046448 0.07604166865348816 1.0 0.6284722089767456
576 0.2089843899011612 0.22795137763023376 1.0 0.652430534362793
2850 0.14921875298023224 0.06527777761220932 0.555859386920929 0.6041666269302368
582 0.2089843899011612 0.22847221791744232 1.0 0.6527777910232544
2856 0.1684570461511612 0.06006944179534912 0.5914062857627869 0.5416666865348816
588 0.20859375596046448 0.22847221791744232 1.0 0.652430534362793
2862 0.1811523586511612 0.05572916567325592 0.6148437857627869 0.4930555522441864
594 0.2089843899011612 0.22899305820465088 1.0 0.652430534362793
2868 0.0 0.04544270783662796 0.6421875357627869 0.4861111044883728
600 0.20878908038139343 0.22864583134651184 1.0 0.652430534362793
2874 0.23984375596046448 0.05069444328546524 0.6742187738418579 0.5006944537162781
606 0.20878908038139343 0.22968749701976776 1.0 0.6527777910232544
2880 0.26835939288139343 0.03888888657093048 0.8843750357627869 1.0
612 0.2671875059604645 0.23020832240581512 1.0 0.6527777910232544
2886 0.1743164211511612 0.0364583320915699 0.9484375715255737 0.5020833015441895
618 0.26679688692092896 0.22986111044883728 1.0 0.6534721851348877
2892 0.1093750074505806 0.0027343749534338713 0.9992188215255737 0.5062499642372131
624 0.26679688692092896 0.23055554926395416 1.0 0.6534721851348877
2898 0.14560547471046448 0.00416666641831398 1.0 0.5138888955116272
630 0.26679688692092896 0.23055554926395416 1.0 0.6541666388511658
2904 0.18789063394069672 0.00642361119389534 0.8468750715255737 0.5083333253860474
636 0.26679688692092896 0.23125000298023224 0.9960938096046448 0.6534721851348877
2910 0.0 0.05624999850988388 0.5375000238418579 0.5861111283302307
2916 0.0 0.006770833395421505 0.5492187738418579 0.6263889074325562
642 0.26640626788139343 0.23246526718139648 0.9953125715255737 0.6541666388511658
2922 0.011718750931322575 0.01684027723968029 0.5699219107627869 0.6416666507720947
648 0.26640626788139343 0.23298610746860504 0.9984375238418579 0.6538194417953491
2928 0.43828126788139343 0.19895832240581512 0.7441406846046448 0.6465277671813965
654 0.2660156488418579 0.23298610746860504 0.9984375238418579 0.6541666388511658
2934 0.4613281488418579 0.19131943583488464 0.7757812738418579 0.5618055462837219
660 0.2660156488418579 0.23333333432674408 0.9984375238418579 0.6541666388511658
2940 0.0001464843808207661 0.0486111119389534 0.08369141072034836 0.24444444477558136
666 0.2660156488418579 0.234375 0.9984375238418579 0.6548610925674438
2946 0.010791015811264515 0.02135416679084301 0.43437501788139343 0.590624988079071
672 0.265625 0.2352430522441864 1.0 0.6548610925674438
2952 0.0 0.01102430559694767 0.6507812738418579 0.7548611164093018
678 0.265625 0.23541666567325592 1.0 0.6555555462837219
684 0.265625 0.2352430522441864 0.9984375238418579 0.65625
690 0.26484376192092896 0.23680555820465088 1.0 0.65625
696 0.2652343809604645 0.23628471791744232 1.0 0.6565971970558167
702 0.26484376192092896 0.23888888955116272 1.0 0.6569444537162781
708 0.26484376192092896 0.23680555820465088 1.0 0.6569444537162781
714 0.26445314288139343 0.23749999701976776 1.0 0.6572916507720947
720 0.26445314288139343 0.23819443583488464 1.0 0.6572916507720947
726 0.2640625238418579 0.23906250298023224 1.0 0.6569444537162781
732 0.263671875 0.2395833283662796 1.0 0.6572916507720947
738 0.263671875 0.24010416865348816 1.0 0.6576388478279114
744 0.263671875 0.24079860746860504 1.0 0.6576388478279114
750 0.263671875 0.24027776718139648 1.0 0.6576388478279114
756 0.2632812559604645 0.24097222089767456 1.0 0.6579861044883728
1872 0.3964844048023224 0.013281249441206455 0.42929691076278687 0.11032985895872116
762 0.2632812559604645 0.24062499403953552 1.0 0.6576388478279114
3096 0.47148439288139343 0.9576388597488403 0.5496094226837158 0.9993055462837219
3102 0.4085937738418579 0.956250011920929 0.49375003576278687 0.9993055462837219
3132 0.03242187574505806 0.9583333134651184 0.13847656548023224 1.0
894 0.6601563096046448 0.0885416641831398 0.7242187857627869 0.2545138895511627
900 0.6609375476837158 0.08984375 0.7250000238418579 0.25659722089767456
906 0.534375011920929 0.0911458283662796 0.7261719107627869 0.546875
912 0.661328136920929 0.0924479141831398 0.7261719107627869 0.2604166567325592
918 0.661328136920929 0.09409721940755844 0.7269531488418579 0.262152761220932
924 0.6617187857627869 0.09531249850988388 0.7273437976837158 0.2640624940395355
930 0.6625000238418579 0.09661458432674408 0.7281250357627869 0.26597222685813904
936 0.6628906726837158 0.09861110895872116 0.7285156846046448 0.2673611044883728
942 0.663281261920929 0.10078124701976776 0.7281250357627869 0.2666666507720947
948 0.663281261920929 0.10208333283662796 0.7289062738418579 0.2680555582046509
3228 0.8492187857627869 0.32777777314186096 0.9507812857627869 0.49513888359069824
954 0.6640625596046448 0.10347221791744232 0.729687511920929 0.2697916626930237
3234 0.8492187857627869 0.3270833194255829 0.9515625238418579 0.4954861104488373
960 0.6644531488418579 0.1041666641831398 0.7308593988418579 0.2725694477558136
3240 0.8500000238418579 0.3270833194255829 0.9515625238418579 0.49513888359069824
966 0.6656250357627869 0.10520832985639572 0.7312500476837158 0.2743055522441864
3246 0.8500000238418579 0.32777777314186096 0.9500000476837158 0.49513888359069824
972 0.6656250357627869 0.10624999552965164 0.7320312857627869 0.27638888359069824
3252 0.8507813215255737 0.3270833194255829 0.9500000476837158 0.4947916567325592
978 0.6664062738418579 0.10815972089767456 0.7320312857627869 0.2776041626930237
3258 0.8515625596046448 0.32847222685813904 0.9500000476837158 0.4947916567325592
984 0.6667969226837158 0.109375 0.7332031726837158 0.2788194417953491
3264 0.8500000238418579 0.32777777314186096 0.9500000476837158 0.49513888359069824
990 0.667187511920929 0.11163194477558136 0.733593761920929 0.2796874940395355
3270 0.8507813215255737 0.32777777314186096 0.9500000476837158 0.49513888359069824
996 0.37578126788139343 0.11215277761220932 0.7351562976837158 0.9840277433395386
3276 0.8507813215255737 0.32777777314186096 0.9507812857627869 0.49513888359069824
1002 0.10068359971046448 0.11328125 0.7359375357627869 0.9944444298744202
3282 0.8500000238418579 0.3263888955116272 0.9507812857627869 0.49513888359069824
1008 0.6695312857627869 0.11432291567325592 0.7359375357627869 0.28506943583488464
3288 0.8500000238418579 0.3270833194255829 0.9500000476837158 0.49513888359069824
2124 0.8375000357627869 0.9569444060325623 0.9593750238418579 1.0
1014 0.6703125238418579 0.11562500149011612 0.7359375357627869 0.28680554032325745
3294 0.8492187857627869 0.3263888955116272 0.9500000476837158 0.49513888359069824
2130 0.8460937738418579 0.956250011920929 0.9523438215255737 0.9993055462837219
1020 0.671093761920929 0.11753471940755844 0.7367187738418579 0.2883680462837219
3300 0.8492187857627869 0.3263888955116272 0.9500000476837158 0.49513888359069824
2136 0.7601562738418579 0.9527777433395386 0.9476562738418579 1.0
1026 0.671093761920929 0.1193576380610466 0.737500011920929 0.28958332538604736
3306 0.8492187857627869 0.3263888955116272 0.9500000476837158 0.49513888359069824
2142 0.729687511920929 0.9569444060325623 0.9453125596046448 1.0
1032 0.6718750596046448 0.12135416269302368 0.737500011920929 0.29114583134651184
3312 0.8492187857627869 0.3263888955116272 0.9500000476837158 0.49513888359069824
2148 0.7839844226837158 0.9569444060325623 0.9343750476837158 0.9986110925674438
1038 0.6726562976837158 0.12291666120290756 0.7382813096046448 0.2923611104488373
3318 0.8492187857627869 0.3263888955116272 0.9500000476837158 0.49513888359069824
2154 0.8437500596046448 0.9569444060325623 0.9312500357627869 0.9958333373069763
1044 0.6726562976837158 0.12430555373430252 0.7382813096046448 0.2940972149372101
3324 0.8484375476837158 0.3256944417953491 0.9500000476837158 0.49513888359069824
2160 0.8234375715255737 0.9555555582046509 0.9265625476837158 0.9972221851348877
1050 0.6734375357627869 0.12517361342906952 0.7390625476837158 0.29565972089767456
3330 0.8484375476837158 0.3256944417953491 0.9500000476837158 0.49513888359069824
2166 0.8218750357627869 0.9541666507720947 0.9250000715255737 0.9972221851348877
1056 0.6734375357627869 0.12690971791744232 0.7390625476837158 0.29809027910232544
3336 0.8484375476837158 0.3256944417953491 0.9500000476837158 0.49513888359069824
2172 0.784375011920929 0.9541666507720947 0.9265625476837158 0.9986110925674438
1062 0.6742187738418579 0.12821179628372192 0.7398437857627869 0.3003472089767456
3342 0.8484375476837158 0.3256944417953491 0.9500000476837158 0.49513888359069824
2178 0.8117188215255737 0.9548611044883728 0.9257813096046448 0.9979166388511658
1068 0.6742187738418579 0.12994791567325592 0.7406250238418579 0.3020833134651184
3348 0.8484375476837158 0.3256944417953491 0.9500000476837158 0.49513888359069824
2184 0.8078125715255737 0.9548611044883728 0.9281250238418579 0.9979166388511658
1074 0.6742187738418579 0.13168402016162872 0.741406261920929 0.3038194477558136
3354 0.8484375476837158 0.3256944417953491 0.9500000476837158 0.49513888359069824
2190 0.7625000476837158 0.9555555582046509 0.9265625476837158 1.0
1080 0.675000011920929 0.13402777910232544 0.7421875596046448 0.3048610985279083
3360 0.8500000238418579 0.3256944417953491 0.9500000476837158 0.4947916567325592
2196 0.772656261920929 0.9576388597488403 0.9289063215255737 0.9993055462837219
1086 0.6753906607627869 0.13602429628372192 0.7425781488418579 0.3062500059604645
3366 0.8484375476837158 0.3256944417953491 0.9500000476837158 0.4947916567325592
2202 0.7906250357627869 0.9548611044883728 0.9281250238418579 0.9979166388511658
1092 0.6757813096046448 0.13680554926395416 0.7429687976837158 0.3079861104488373
3372 0.8500000238418579 0.3256944417953491 0.9500000476837158 0.4947916567325592
2208 0.5796875357627869 0.6861110925674438 0.9296875596046448 0.9993055462837219
1098 0.6765625476837158 0.13784721493721008 0.7437500357627869 0.3097222149372101
3378 0.8484375476837158 0.3256944417953491 0.9500000476837158 0.4947916567325592
1104 0.6765625476837158 0.138888880610466 0.9484375715255737 1.0
3384 0.8484375476837158 0.3256944417953491 0.9500000476837158 0.4947916567325592
1110 0.6765625476837158 0.13958333432674408 0.9484375715255737 1.0
3390 0.8484375476837158 0.3253472149372101 0.9500000476837158 0.4947916567325592
1116 0.6773437857627869 0.1410590261220932 0.9484375715255737 1.0
3396 0.8500000238418579 0.3256944417953491 0.9500000476837158 0.4947916567325592
1122 0.46250003576278687 0.27222222089767456 0.5687500238418579 0.44722220301628113
3402 0.8500000238418579 0.3256944417953491 0.9500000476837158 0.4947916567325592
1128 0.4593750238418579 0.2770833373069763 0.5671875476837158 0.4513888955116272
3408 0.8500000238418579 0.3256944417953491 0.9500000476837158 0.4947916567325592
1134 0.45625001192092896 0.2829861044883728 0.5640625357627869 0.45451387763023376
3414 0.8500000238418579 0.3256944417953491 0.9500000476837158 0.4947916567325592
1140 0.45390626788139343 0.28315970301628113 0.5601562857627869 0.45972222089767456
