6 1344.0 198.75 1713.0 556.875
12 1345.5 200.25 1714.5 556.875
18 1345.5 199.125 1714.5 556.5
8124 0.0 16.5 1764.0 601.5
24 1344.0 198.375 1716.0 557.25
8130 8.4375 11.25 1797.0 849.75
30 1344.0 198.375 1716.0 557.25
8136 54.0 15.0 1837.5 850.5
36 1344.0 198.0 1714.5 556.5
42 1342.5 195.375 1713.0 556.5
8142 88.5 15.0 1890.0 850.5
8148 378.0 18.0 1920.0 846.0
48 1345.5 196.875 1713.0 556.5
54 1345.5 198.0 1713.0 556.875
8154 472.5 11.25 1737.0 848.25
60 1344.0 198.375 1713.0 556.875
8160 559.5 6.0 1756.5 847.5
66 1344.0 198.375 1714.5 557.25
8166 272.25 16.6875 1023.0 754.5
4062 1270.5 98.25 1393.5 279.0
72 1345.5 199.5 1714.5 557.25
8172 378.9375 11.25 1173.0 667.5
4068 1269.75 99.5625 1394.25 280.6875
78 1345.5 199.5 1714.5 557.25
8178 847.5 10.5 1319.25 680.25
4074 1269.75 101.25 1395.75 282.75
8184 433.875 13.5 1491.0 661.5
84 1345.5 199.5 1714.5 557.25
4080 1270.5 102.9375 1396.5 284.8125
90 1345.5 199.875 1714.5 557.25
8190 438.75 10.6875 1566.0 759.0
4086 1272.0 104.4375 1398.0 287.0625
96 1345.5 199.5 1713.0 557.25
8196 1005.0 9.75 1560.0 801.75
4092 1272.0 106.125 1398.0 288.375
102 1345.5 199.125 1714.5 557.25
8202 1048.5 6.75 1566.0 834.0
4098 1273.5 109.03125 1398.0 287.625
108 1345.5 199.875 1713.0 556.875
8208 364.5 0.0 1588.5 840.0
4104 1273.5 109.96875 1399.5 289.125
114 1345.5 200.25 1713.0 556.5
8214 324.375 5.25 1719.0 807.0
4110 1275.0 111.65625 1401.0 291.0
120 1345.5 199.5 1713.0 556.5
4116 1276.5 112.125 1402.5 294.0
8220 375.9375 6.375 1911.0 730.875
4122 1278.0 113.4375 1404.0 296.0625
126 1345.5 199.5 1713.0 557.25
8226 0.0 4.5 1920.0 726.0
4128 1278.0 114.5625 1405.5 298.3125
8232 0.0 124.125 1514.25 624.75
132 1344.0 198.0 1713.0 557.25
4134 1279.5 116.625 1405.5 299.25
8238 4.125 128.4375 1587.0 629.25
138 1344.0 198.375 1714.5 557.25
4140 1280.25 118.125 1407.75 300.75
8244 9.5625 118.21875 1701.0 640.5
144 1345.5 199.5 1714.5 556.5
4146 1279.5 120.1875 1408.5 302.0625
8250 33.1875 102.375 1723.5 659.25
150 1345.5 199.125 1714.5 556.5
4152 1281.75 120.84375 1410.75 304.5
8256 43.875 103.3125 1779.0 678.0
156 1345.5 199.5 1714.5 559.125
4158 1284.0 122.0625 1411.5 305.8125
8262 58.875 109.125 1917.0 743.25
162 1345.5 198.0 1714.5 559.125
4164 1285.5 123.375 1413.0 307.5
8268 132.28125 95.15625 1920.0 712.875
168 1345.5 198.0 1714.5 559.125
4170 1287.0 124.875 1413.0 309.75
8274 208.875 82.5 1920.0 672.0
174 1345.5 198.0 1714.5 559.125
4176 1288.5 126.375 1414.5 310.875
8280 250.5 81.1875 1920.0 671.625
180 1345.5 197.625 1714.5 559.125
4182 1288.5 128.4375 1416.0 312.1875
8286 293.625 69.375 1078.5 653.25
186 1344.0 197.25 1716.0 559.5
4188 1290.0 130.875 1416.0 313.875
8292 331.125 64.875 1143.0 575.25
192 1344.0 198.375 1716.0 559.125
4194 1291.5 132.5625 1417.5 315.5625
8298 382.5 62.25 1185.75 243.1875
198 1344.0 198.0 1714.5 558.75
8304 405.0 49.6875 1243.5 523.5
4200 1291.5 133.6875 1417.5 317.4375
8310 469.5 57.375 1303.5 547.5
4206 1293.0 135.0 1417.5 319.125
204 1344.0 197.625 1716.0 558.75
8316 524.25 37.125 1719.0 562.5
4212 1293.0 136.59375 1419.0 321.75
210 1345.5 198.75 1716.0 558.75
8322 338.25 39.375 1839.0 545.25
216 1344.0 197.25 1714.5 558.75
4218 1294.5 138.0 1420.5 323.625
8328 226.875 3.1875 1920.0 549.0
222 1344.0 198.0 1714.5 558.75
4224 1294.5 139.78125 1422.0 325.875
228 1344.0 198.0 1714.5 558.75
8334 292.125 4.3125 1920.0 559.5
4230 1294.5 141.84375 1423.5 327.75
234 1344.0 199.125 1714.5 558.75
8340 366.375 13.734375 1294.5 559.5
4236 1296.0 144.75 1425.0 328.875
240 1345.5 199.125 1714.5 559.5
8346 0.0 69.46875 1030.5 643.875
4242 1296.75 146.90625 1425.75 330.75
246 1344.0 199.125 1714.5 558.75
8352 0.0 13.875 1066.5 679.5
4248 1297.5 148.03125 1426.5 332.625
252 1342.5 198.375 1714.5 558.75
8358 67.921875 22.3125 1105.5 696.0
4254 1298.25 148.6875 1427.25 334.3125
8364 846.0 215.625 1440.0 666.0
258 1344.0 198.375 1714.5 558.75
4260 1299.0 150.0 1428.0 335.625
8370 891.75 202.125 1497.75 616.5
4266 1299.0 150.5625 1431.0 336.1875
264 1344.0 198.75 1714.5 558.75
4272 1300.5 152.34375 1431.0 337.5
8376 0.9375 48.28125 203.625 844.5
270 1342.5 197.25 1714.5 558.75
4278 888.0 292.5 1093.5 482.25
8382 28.96875 21.75 973.5 821.25
276 1344.0 197.25 1714.5 559.5
4284 883.5 298.875 1090.5 486.375
8388 1269.0 96.28125 1392.0 276.375
4290 877.5 305.25 1083.0 489.75
282 1345.5 199.125 1714.5 559.5
8394 1269.0 97.875 1393.5 278.625
288 1344.0 198.0 1714.5 559.5
4296 871.5 307.3125 1078.5 495.0
8400 1269.75 99.0 1394.25 280.5
4302 864.0 308.625 1071.0 499.875
294 1344.0 198.375 1714.5 559.5
8406 1269.0 100.96875 1395.0 282.375
4308 859.5 313.875 1066.5 503.625
300 1345.5 198.75 1714.5 559.5
8412 1270.5 102.375 1396.5 284.625
4314 855.0 321.9375 1062.0 509.25
306 1344.0 196.5 1713.0 557.625
8418 1272.0 103.96875 1396.5 286.875
4320 849.0 327.1875 1053.0 514.5
8424 1272.0 106.03125 1398.0 288.375
312 1344.0 196.5 1713.0 557.25
4326 842.25 332.25 1049.25 519.0
8430 1273.5 108.375 1396.5 287.625
4332 835.5 334.125 1045.5 524.625
318 1344.0 195.75 1713.0 557.25
8436 1274.25 109.875 1398.75 288.75
324 1344.0 196.5 1713.0 557.25
8442 1275.0 111.375 1401.0 290.625
4338 831.0 340.125 1038.0 528.375
330 1344.0 196.5 1713.0 557.25
8448 1275.75 112.3125 1401.75 292.6875
4344 825.0 343.875 1032.0 533.625
336 1344.0 195.0 1713.0 557.25
8454 1277.25 113.25 1403.25 295.875
4350 819.0 346.875 1023.0 538.125
342 1344.0 195.0 1713.0 557.25
8460 1278.0 114.5625 1405.5 297.9375
4356 811.5 354.75 1021.5 543.75
348 1344.0 195.375 1713.0 557.625
8466 1278.75 116.34375 1406.25 299.25
4362 807.0 357.0 1017.0 548.25
354 1344.0 195.375 1713.0 557.25
4368 802.5 360.75 1011.0 552.75
8472 1279.5 117.75 1407.0 300.375
360 1345.5 196.875 1713.0 557.625
4374 795.0 366.375 1005.0 557.625
8478 1279.5 119.625 1408.5 301.875
4380 789.0 372.75 1000.5 561.75
4386 783.0 376.125 996.0 566.625
8484 1281.75 120.75 1410.75 304.125
4392 777.75 378.375 989.25 571.875
8490 1282.5 121.78125 1411.5 305.625
8496 1285.5 123.0 1413.0 307.125
4398 771.0 381.75 981.0 576.75
8502 1287.0 124.6875 1413.0 309.1875
4404 765.0 390.75 975.0 581.25
390 0.0 9.75 50.4375 681.0
8508 1288.5 126.09375 1414.5 310.5
4410 760.5 395.25 972.0 585.0
396 0.0 6.0 49.640625 677.25
4416 754.5 400.5 964.5 589.5
8514 1289.25 128.25 1415.25 312.0
402 0.0 6.75 47.578125 676.125
408 0.0 7.875 46.453125 669.75
4422 748.125 402.375 958.5 595.125
8520 1289.25 130.5 1416.75 313.875
414 0.0 3.0 838.5 671.25
8526 1291.5 132.46875 1417.5 315.375
4428 738.75 404.25 951.75 599.25
8532 1291.5 132.84375 1417.5 317.25
4434 735.75 408.375 948.75 604.125
420 0.0 3.75 41.53125 665.25
8538 1293.0 134.90625 1419.0 318.75
4440 730.5 419.25 942.0 608.25
426 0.0 12.0 40.3359375 657.75
8544 1293.0 136.3125 1419.0 321.1875
4446 724.5 420.75 939.0 612.75
432 0.0 13.5 37.828125 601.5
8550 1294.5 137.8125 1420.5 323.8125
438 0.0 14.625 35.3671875 603.0
4452 717.75 426.375 930.75 618.375
8556 1294.5 139.3125 1422.0 325.6875
4458 96.0 366.75 1818.0 710.25
8562 1295.25 141.375 1422.75 327.375
8568 1296.0 143.71875 1425.0 328.875
4464 97.875 366.0 1818.0 710.25
8574 1296.75 146.71875 1425.75 330.375
4470 99.375 365.25 1818.0 709.5
4476 101.25 365.25 1818.0 708.75
8580 1297.5 147.75 1426.5 332.25
4482 102.75 363.0 1818.0 708.0
4488 105.0 363.0 1818.0 707.25
8586 1298.25 148.5 1427.25 333.75
8592 1299.0 149.90625 1428.0 335.25
4494 106.875 362.25 1821.0 706.5
4500 108.375 361.5 1821.0 705.0
8598 1299.75 150.375 1430.25 336.0
8604 1300.5 151.6875 1821.0 1080.0
4506 109.875 361.5 1821.0 705.0
4512 111.375 361.125 1821.0 703.875
8610 890.25 291.75 1094.25 482.25
4518 112.125 361.5 1821.0 703.5
8616 883.5 298.125 1090.5 486.375
4524 113.25 360.75 1821.0 702.75
8622 877.5 304.5 1084.5 489.75
4530 114.75 360.75 1819.5 702.0
8628 873.0 306.75 1078.5 494.25
4536 117.0 360.75 1821.0 701.25
8634 865.5 307.5 1072.5 499.5
4542 119.25 360.75 1821.0 699.75
516 0.0 41.25 123.1875 313.125
8640 861.0 314.4375 1068.0 503.25
4548 121.5 360.0 1821.0 699.0
8646 855.0 318.1875 1062.0 508.5
4554 122.25 360.0 1821.0 699.0
8652 850.5 327.375 1057.5 513.375
4560 124.125 360.0 1821.0 697.5
8658 843.75 330.0 1050.75 519.0
4566 126.0 359.25 1821.0 696.75
8664 835.5 332.625 1045.5 524.625
4572 128.25 359.25 1821.0 696.0
534 0.0 46.875 133.875 312.75
8670 831.75 338.25 1040.25 528.0
8676 826.5 345.75 1033.5 534.0
8682 819.75 346.3125 1025.25 537.0
8688 812.25 353.25 1022.25 542.25
8694 808.5 355.5 1018.5 547.5
8700 802.5 360.75 1012.5 551.25
8706 796.5 365.25 1006.5 557.25
8712 788.25 369.75 999.75 561.0
8718 784.5 375.75 997.5 566.25
8724 778.5 378.75 991.5 572.25
8730 772.5 380.25 984.0 576.75
8736 766.875 389.25 976.5 580.5
8742 761.25 393.75 972.75 584.25
8748 755.25 400.875 965.25 587.625
8754 750.0 402.0 960.0 594.0
8760 742.125 405.0 952.5 598.5
8766 1632.0 352.5 1824.0 534.0
8772 1662.0 462.0 1824.0 535.5
8778 1662.0 462.0 1824.0 535.5
8784 1626.0 348.0 1824.0 536.25
8790 1627.5 348.75 1824.0 537.0
8796 1632.0 351.0 1824.0 535.125
8802 1630.5 351.375 1824.0 535.125
8808 1632.0 352.5 1824.0 534.75
8814 1632.0 352.5 1824.0 534.0
8820 1632.0 352.5 1824.0 534.0
8826 1632.0 352.5 1824.0 534.75
8832 1630.5 352.5 1824.0 534.75
8838 1630.5 352.5 1824.0 534.0
8844 1632.0 352.5 1824.0 533.25
690 402.75 243.0 1920.0 703.5
8850 1632.0 352.5 1824.0 534.0
8856 1632.0 352.5 1824.0 534.0
696 402.0 243.5625 1920.0 703.5
8862 1632.0 352.5 1824.0 534.0
702 402.375 244.5 1920.0 704.25
8868 1632.0 352.125 1824.0 534.0
708 402.0 245.8125 1920.0 704.625
8874 1632.0 352.125 1822.5 534.0
714 401.25 246.0 1920.0 704.25
8880 1632.0 352.125 1824.0 534.0
720 401.25 246.0 1920.0 704.25
8886 1630.5 351.75 1824.0 534.0
726 401.25 246.1875 1920.0 704.625
8892 1630.5 352.5 1824.0 534.0
732 513.75 246.75 1920.0 705.0
8898 1630.5 352.5 1824.0 534.0
738 513.75 246.75 1918.5 704.625
8904 1630.5 352.5 1824.0 534.0
8910 1630.5 352.5 1822.5 534.0
744 513.75 247.3125 1917.0 704.625
750 513.0 246.9375 1920.0 704.625
8916 1632.0 352.125 1824.0 534.0
756 513.0 248.0625 1918.5 705.0
8922 1632.0 352.125 1824.0 534.0
8928 1632.0 352.125 1824.0 534.0
762 513.0 248.625 1917.0 705.0
8934 1632.0 352.5 1824.0 533.25
768 512.25 248.25 1914.0 705.75
774 512.25 249.0 1914.0 705.75
780 512.25 249.0 1912.5 706.5
786 512.25 249.75 1912.5 705.75
792 511.5 251.0625 1911.0 706.5
798 511.5 251.625 1917.0 706.125
804 510.75 251.625 1917.0 706.5
810 510.75 252.0 1917.0 706.5
816 510.75 253.125 1917.0 707.25
822 510.0 254.0625 1915.5 707.25
828 510.0 254.25 1915.5 708.0
834 510.0 254.0625 1917.0 708.75
840 508.5 255.75 1917.0 708.75
846 509.25 255.1875 1917.0 709.125
852 508.5 258.0 1917.0 709.5
858 508.5 255.75 1917.0 709.5
864 507.75 256.5 1917.0 709.875
4938 298.5 459.0 430.125 568.5
870 507.75 257.25 1917.0 709.875
876 507.0 258.1875 1918.5 709.5
882 506.25 258.75 1918.5 709.875
888 506.25 259.3125 1920.0 710.25
894 506.25 260.0625 1920.0 710.25
900 506.25 259.5 1920.0 710.25
906 505.5 260.25 1920.0 710.625
912 505.5 259.875 1680.0 710.25
1044 1267.5 95.625 1390.5 274.875
1050 1269.0 97.03125 1392.0 277.125
1056 1269.75 98.4375 1394.25 279.1875
1062 1269.75 99.84375 1394.25 281.25
1068 1269.75 101.625 1395.75 283.125
1074 1270.5 102.9375 1396.5 285.1875
1080 1272.0 104.34375 1398.0 287.25
1086 1272.75 106.5 1398.75 288.75
1092 1273.5 108.84375 1398.0 288.0
1098 1273.5 110.25 1399.5 289.5
1104 1275.0 111.75 1401.0 291.375
1110 1275.75 112.5 1403.25 294.375
1116 1278.0 113.625 1404.0 296.25
1122 1278.0 114.75 1405.5 298.5
1128 1279.5 116.8125 1405.5 299.8125
1134 1280.25 118.125 1407.75 301.125
1140 1281.0 120.5625 1408.5 302.0625
1146 1282.5 121.125 1411.5 304.875
1152 1284.0 122.34375 1413.0 306.0
1158 1285.5 123.46875 1413.0 307.875
1164 1287.0 124.875 1413.0 309.75
1170 1288.5 126.9375 1414.5 311.4375
1176 1288.5 128.90625 1416.0 312.75
1182 1290.0 131.0625 1416.0 314.4375
1188 1291.5 132.75 1417.5 315.75
1194 1291.5 134.25 1417.5 317.625
1200 1293.0 135.1875 1419.0 319.3125
1206 1293.0 137.0625 1419.0 321.9375
1212 1294.5 138.46875 1420.5 324.375
1218 1294.5 140.34375 1422.0 326.25
1224 1294.5 142.21875 1423.5 328.125
1230 1296.0 144.75 1425.0 329.25
1236 1296.75 146.90625 1425.75 330.75
1242 1297.5 147.75 1426.5 332.625
1248 1299.0 148.875 1428.0 334.5
1254 1299.0 150.0 1428.0 334.875
1260 1299.0 150.75 1431.0 336.375
1266 1300.5 152.34375 1431.0 337.5
1272 888.0 294.0 1092.0 483.0
1278 882.0 299.25 1089.0 487.5
1284 876.0 305.625 1083.0 490.875
1290 871.5 305.8125 1075.5 496.5
1296 863.25 309.75 1070.25 501.0
1302 859.5 315.0 1066.5 504.75
1308 853.5 322.6875 1060.5 510.0
1314 849.0 327.75 1056.0 515.25
1320 841.5 331.125 1048.5 520.125
1326 835.5 334.5 1044.0 525.0
1332 831.0 340.5 1038.0 529.5
1338 825.0 345.75 1032.0 534.75
1344 817.5 350.25 1024.5 539.25
1350 1341.0 195.375 1713.0 556.875
1356 1341.0 195.375 1713.0 557.625
1362 1341.0 195.375 1713.0 557.25
1368 1341.0 196.125 1713.0 557.25
1374 1341.0 195.375 1714.5 556.5
1380 1341.0 196.5 1714.5 556.5
1386 1344.0 198.0 1713.0 557.25
1392 1344.0 197.625 1714.5 557.25
1398 1342.5 197.625 1714.5 556.875
1404 1342.5 198.375 1716.0 556.125
1410 1344.0 198.375 1716.0 556.125
1416 1344.0 199.125 1716.0 555.75
1422 1342.5 198.75 1716.0 555.75
1428 1342.5 198.75 1716.0 555.75
1434 1342.5 198.375 1713.0 555.75
1440 1344.0 198.75 1713.0 555.75
1446 1344.0 198.75 1713.0 555.75
1452 1344.0 199.5 1713.0 555.75
1458 1341.0 198.0 1716.0 555.75
1464 1342.5 199.5 1713.0 555.75
1470 1342.5 199.5 1713.0 555.75
1476 1342.5 200.25 1713.0 555.75
1482 1342.5 199.5 1713.0 555.75
1488 1342.5 199.875 1713.0 555.75
1494 1342.5 199.5 1713.0 556.125
1500 1344.0 198.75 1714.5 556.5
1506 1342.5 198.0 1716.0 556.5
1512 1342.5 199.125 1714.5 556.5
1518 1342.5 198.75 1713.0 556.5
1524 1635.0 353.625 1824.0 531.75
1530 1635.0 354.0 1824.0 532.5
1536 1635.0 353.25 1824.0 534.0
1542 1635.0 352.5 1824.0 533.25
1548 1635.0 352.5 1824.0 533.625
1554 1635.0 352.5 1824.0 534.0
1560 1635.0 353.25 1824.0 534.0
1566 1635.0 353.25 1824.0 533.625
1572 1635.0 352.875 1824.0 532.875
1578 1635.0 352.5 1824.0 533.25
1584 1635.0 352.5 1824.0 533.625
1590 1635.0 352.5 1824.0 533.625
1596 1635.0 352.5 1824.0 533.25
1602 1635.0 353.25 1824.0 533.25
1608 1635.0 353.25 1824.0 533.25
1614 1635.0 353.25 1824.0 533.25
1620 1638.0 354.0 1824.0 532.875
1626 1635.0 354.0 1824.0 533.25
1632 1636.5 354.75 1824.0 532.875
1638 1635.0 353.25 1824.0 532.875
1644 1632.0 352.5 1824.0 532.875
1650 1635.0 354.0 1824.0 532.5
1656 1635.0 354.0 1824.0 532.5
1662 1635.0 354.0 1824.0 532.5
1668 1635.0 354.0 1824.0 532.5
1674 1635.0 354.0 1824.0 532.5
1680 1635.0 354.0 1824.0 532.5
1686 1635.0 354.0 1824.0 532.5
1692 1632.0 353.25 1824.0 532.5
1698 1632.0 352.875 1824.0 531.75
1704 1635.0 353.25 1824.0 532.5
1710 1635.0 354.0 1824.0 532.5
1716 1635.0 354.0 1824.0 532.5
1722 1635.0 354.0 1824.0 532.5
1728 1635.0 354.0 1824.0 532.5
1734 1635.0 354.0 1824.0 532.5
1740 1635.0 354.0 1824.0 532.5
1746 1635.0 354.0 1824.0 532.125
1752 1635.0 354.0 1824.0 532.5
1758 1635.0 354.0 1824.0 533.25
1764 1635.0 354.0 1824.0 533.25
1770 1638.0 354.75 1824.0 533.25
1776 1635.0 354.0 1824.0 533.25
1782 1635.0 354.0 1824.0 533.25
1788 1635.0 354.0 1824.0 532.5
1794 1635.0 354.0 1824.0 532.5
1800 1635.0 354.0 1824.0 533.25
1806 1635.0 354.0 1824.0 533.25
5994 200.25 0.9375 327.0 65.53125
6000 198.0 0.375 326.25 70.6875
6006 198.0 0.46875 326.25 75.09375
6012 195.75 0.5625 327.375 80.0625
6018 195.0 0.3046875 324.75 86.15625
6024 195.375 0.4921875 1723.5 1078.5
6030 194.625 0.28125 323.625 92.8125
6036 194.25 0.28125 324.75 96.5625
6042 194.25 1.03125 324.0 101.8125
6048 194.25 1.875 325.125 107.34375
6054 194.625 1.875 325.125 111.0
6060 195.0 2.34375 323.25 116.0625
6066 195.0 2.34375 327.0 119.71875
6072 195.0 2.015625 325.5 126.5625
6078 195.1875 0.1875 324.1875 131.625
6084 195.375 0.5625 323.625 136.6875
6090 195.75 0.5625 323.25 142.5
6096 197.625 1.6875 320.25 146.25
6216 1848.0 101.34375 1908.0 456.75
2022 761.25 14.34375 824.25 119.15625
6246 1825.5 112.40625 1882.5 460.5
10422 745.5 365.25 822.0 411.75
2274 1608.0 1033.5 1842.0 1080.0
2280 1624.5 1032.75 1828.5 1079.25
2286 1546.5 1033.5 1819.5 1078.5
2298 1505.25 1033.5 1794.0 1078.5
2310 1581.0 1032.0 1779.0 1077.0
2316 1578.0 1030.5 1776.0 1077.0
2322 1506.0 1030.5 1779.0 1078.5
2328 1558.5 1031.25 1777.5 1077.75
2334 1551.0 1031.25 1782.0 1077.75
2340 1464.0 1032.0 1779.0 1080.0
2346 1483.5 1034.25 1783.5 1079.25
2352 1518.0 1031.25 1782.0 1077.75
2358 1425.75 1032.75 1785.0 1079.25
10752 201.5625 0.9375 324.1875 64.40625
10758 199.125 0.1875 325.875 67.5
10764 196.5 0.7265625 327.375 71.8125
10770 196.875 0.7734375 326.625 77.25
10776 195.75 0.3984375 323.25 84.1875
10782 195.75 0.46875 325.5 88.78125
10788 194.25 0.3515625 1725.0 1077.75
10794 193.875 0.1875 323.625 95.0625
10800 194.625 0.84375 324.375 99.75
2424 1633.5 354.0 1824.0 532.5
10806 194.25 1.5 322.125 106.03125
2430 1633.5 354.0 1824.0 532.5
10812 194.625 2.25 325.125 110.53125
2436 1633.5 354.0 1824.0 532.5
10818 194.625 2.53125 324.0 114.75
10824 194.8125 2.53125 325.6875 118.59375
2442 1633.5 354.375 1824.0 532.5
10830 195.375 2.765625 325.125 123.9375
2448 1633.5 354.0 1824.0 532.875
10836 194.4375 1.125 324.9375 131.4375
2454 1633.5 353.25 1824.0 533.25
10842 195.0 0.421875 323.25 135.75
2460 1633.5 353.25 1824.0 533.625
10848 195.375 0.84375 323.625 141.09375
2466 1633.5 354.0 1824.0 534.0
10854 196.875 1.078125 324.375 145.125
2472 1635.0 354.0 1824.0 533.625
2478 1633.5 354.0 1824.0 533.625
2484 1633.5 354.375 1824.0 533.25
2490 1633.5 354.0 1824.0 533.625
2496 1633.5 354.0 1824.0 533.25
2502 1633.5 354.0 1824.0 533.625
2508 1632.0 352.875 1824.0 533.625
2514 1632.0 352.875 1824.0 533.625
2520 1632.0 353.25 1824.0 533.625
2526 1632.0 353.25 1824.0 533.625
2532 1633.5 354.0 1824.0 533.625
2538 1633.5 354.0 1824.0 533.625
2544 1633.5 354.0 1824.0 533.25
2550 1635.0 354.75 1824.0 533.625
2556 1633.5 354.0 1824.0 533.25
2562 1633.5 354.0 1824.0 533.625
2568 1633.5 354.0 1824.0 533.625
2574 1635.0 353.625 1824.0 534.375
10974 1851.0 103.125 1908.0 451.5
2580 1635.0 352.5 1824.0 534.375
2586 1632.0 352.875 1824.0 534.375
2592 1635.0 353.25 1824.0 534.375
2598 1635.0 353.25 1824.0 534.0
2604 1635.0 353.25 1824.0 534.0
2610 1635.0 353.25 1824.0 534.0
2616 1635.0 353.25 1824.0 534.0
2622 1635.0 353.25 1824.0 534.0
2628 1635.0 354.0 1824.0 534.75
2634 1635.0 354.0 1824.0 535.125
2640 1635.0 354.0 1824.0 535.125
2646 1635.0 354.0 1824.0 535.125
2652 1632.0 353.25 1824.0 534.75
2658 1632.0 354.0 1824.0 534.75
2664 1635.0 354.0 1824.0 534.75
2670 1635.0 354.75 1824.0 535.125
2676 1633.5 354.75 1824.0 535.125
2682 1633.5 354.375 1824.0 535.125
2688 1635.0 354.75 1824.0 535.5
2694 1633.5 354.75 1824.0 535.5
2700 1633.5 354.75 1824.0 535.875
2706 1633.5 354.75 1824.0 535.5
2712 1633.5 354.0 1824.0 535.875
2718 1633.5 354.0 1824.0 535.5
2724 1633.5 353.25 1824.0 535.5
2730 1633.5 353.25 1824.0 535.5
2736 1633.5 353.25 1824.0 535.5
2742 1633.5 353.25 1825.5 535.5
2748 1633.5 353.25 1824.0 535.5
2754 1633.5 354.0 1825.5 535.5
2760 1633.5 353.25 1824.0 535.5
2766 0.0 113.625 1888.5 369.375
2772 14.4375 129.0 1896.0 402.375
2778 55.125 139.875 1917.0 422.25
2784 99.0 148.125 1920.0 437.25
2790 146.25 141.0 1536.0 449.625
2796 194.4375 134.4375 1594.5 470.25
2802 232.5 130.875 1630.5 437.25
7086 684.0 4.546875 1825.5 240.375
2808 261.375 123.375 1638.0 440.25
7092 730.5 3.9375 1851.0 242.625
2814 300.75 120.0 1653.0 399.75
7098 771.0 3.375 1890.0 226.125
2820 510.75 114.75 1681.5 421.5
7104 817.5 0.5625 1920.0 231.375
7110 0.0 36.375 1920.0 405.75
2826 533.625 115.875 1716.0 419.25
7116 0.0 61.6875 1920.0 382.875
2832 549.75 97.125 1735.5 400.875
7122 17.71875 78.0 1920.0 393.375
2838 0.0 20.25 1761.0 538.875
7128 1025.25 96.75 1840.5 347.4375
2844 0.0 12.0 1788.0 845.25
7134 0.0 115.125 1888.5 374.625
7140 25.5 127.5 1899.0 406.5
2850 44.625 11.25 1830.0 852.0
7146 61.5 140.625 1917.0 426.0
2856 81.046875 18.0 1878.0 849.0
11280 18.0 0.0 1920.0 849.0
2862 357.0 14.25 1920.0 849.0
7152 102.84375 145.875 1920.0 453.0
2868 461.25 15.0 1735.5 849.0
7158 152.0625 140.0625 1539.0 456.0
2874 543.0 6.75 1752.0 846.0
7164 198.375 135.9375 1606.5 468.0
2880 255.5625 4.5 999.0 778.5
7170 240.75 130.125 1630.5 483.75
2886 798.0 8.25 1149.0 683.25
7176 263.625 121.5 1633.5 439.5
2892 838.5 13.875 1288.5 671.625
7182 305.25 122.34375 1662.0 405.0
7188 514.5 112.59375 1689.0 427.125
2898 427.5 10.125 1473.0 663.75
7194 536.25 111.75 1725.0 408.75
2904 429.0 11.25 1558.5 724.5
7200 554.25 96.75 1740.0 400.5
2910 997.5 10.5 1563.0 790.5
7206 0.0 16.125 1764.0 605.625
7212 8.25 11.25 1797.0 849.0
2916 1039.5 15.75 1566.0 826.5
7218 52.3125 15.0 1839.0 850.5
2922 356.0625 4.5 1581.0 840.0
11358 1267.5 96.0 1392.0 275.625
7224 89.0625 14.25 1887.0 851.25
11364 1269.0 97.40625 1393.5 278.25
2928 611.25 14.25 1684.5 810.75
7230 377.625 18.0 1920.0 846.0
11370 1269.75 98.90625 1394.25 279.75
7236 473.25 10.5 856.5 847.5
2934 651.0 7.3125 1875.0 738.0
11376 1269.0 100.5 1395.0 282.0
7242 560.25 6.75 907.5 848.25
11382 1270.5 102.09375 1396.5 283.5
2940 1299.75 3.9375 1920.0 716.25
7248 272.625 15.75 1023.0 755.25
11388 1270.5 103.875 1396.5 285.75
2946 0.0 122.25 1501.5 622.875
7254 379.5 10.125 1174.5 667.5
11394 1272.0 105.28125 1398.0 287.625
2952 0.234375 128.625 1564.5 631.125
11400 1273.5 107.53125 1399.5 289.125
7260 845.25 8.25 1318.5 678.75
11406 1273.5 109.3125 1398.0 288.1875
7266 432.75 13.875 1491.0 661.125
2958 3.84375 126.75 1690.5 642.0
11412 1273.5 110.71875 1399.5 289.875
7272 438.0 11.25 1566.0 759.0
2964 11.9296875 105.75 1728.0 660.0
11418 1275.0 112.03125 1401.0 292.125
7278 1006.5 9.75 1563.0 801.75
2970 41.4375 97.5 1764.0 669.0
11424 1276.5 112.875 1402.5 295.125
7284 1048.5 6.75 1566.0 833.25
11430 1276.5 113.90625 1405.5 297.0
2976 55.5 108.0 1893.0 739.5
7290 363.375 0.0 1588.5 839.25
11436 1278.0 115.3125 1405.5 298.6875
2982 148.59375 112.875 1920.0 729.0
7296 324.0 6.0 1720.5 805.5
11442 1279.5 117.375 1407.0 300.0
2988 196.125 87.75 1920.0 675.0
11448 1280.25 119.34375 1407.75 301.5
7302 375.5625 6.9375 1911.0 731.25
7308 0.0 4.6875 1920.0 718.5
11454 1281.0 120.375 1410.0 303.75
2994 245.8125 82.125 1920.0 678.75
7314 0.0 124.125 1513.5 625.5
3000 286.5 70.5 1067.25 652.5
11460 1282.5 121.6875 1411.5 305.4375
7320 3.1875 130.21875 1587.0 629.25
3006 323.4375 64.875 1135.5 585.0
11466 1284.0 122.71875 1413.0 306.375
7326 8.90625 120.0 1702.5 636.0
11472 1287.0 124.125 1413.0 308.625
3012 347.8125 60.1875 1180.5 532.5
7332 34.5 103.03125 1722.0 660.0
11478 1287.75 125.625 1413.75 310.125
3018 398.25 49.078125 1233.0 525.0
7338 44.0625 102.5625 1779.0 681.75
11484 1288.5 127.40625 1414.5 311.25
7344 59.625 109.125 1917.0 743.25
3024 460.5 54.75 1294.5 540.75
11490 1290.0 129.375 1416.0 313.125
7350 132.28125 94.59375 1920.0 711.0
11496 1290.0 132.28125 1416.0 314.625
3030 515.25 42.0 1698.0 567.0
7356 208.125 84.1875 1920.0 670.5
11502 1291.5 133.125 1417.5 316.125
3036 334.6875 39.375 1821.0 542.25
7362 251.25 81.375 1920.0 672.75
11508 1291.5 134.8125 1417.5 318.1875
3042 210.0 2.953125 1918.5 546.75
7368 293.625 68.8125 1080.0 652.5
11514 1293.0 135.75 1419.0 320.25
3048 279.5625 4.5 1920.0 555.0
7374 330.75 64.5 1143.0 574.5
11520 1294.5 137.4375 1420.5 323.0625
3054 360.75 6.9375 1626.0 549.0
7380 382.3125 62.25 1186.5 243.5625
11526 1293.75 138.9375 1421.25 324.9375
7386 404.25 49.6875 1243.5 524.25
3060 0.0 60.75 1032.0 633.0
11532 1294.5 141.0 1423.5 327.0
7392 470.25 56.8125 1303.5 547.5
3066 0.0 7.3125 1054.5 676.5
11538 1295.25 143.0625 1424.25 328.3125
7398 255.1875 37.875 1722.0 562.125
3072 22.5 18.1875 1094.25 693.0
11544 1296.0 145.875 1425.0 330.0
7404 338.4375 39.5625 1839.0 544.875
3078 841.5 214.875 1428.75 698.25
11550 1296.75 147.46875 1425.75 331.875
7410 228.0 3.375 1920.0 549.375
3084 885.75 206.625 1489.5 606.75
11556 1297.5 148.125 1426.5 333.375
7416 291.375 4.3125 1920.0 559.875
11562 1299.0 149.53125 1428.0 334.875
3096 20.71875 23.0625 834.0 637.875
7422 366.0 13.078125 1292.25 560.25
11568 1299.0 150.375 1428.0 335.25
3102 0.0 11.90625 1249.5 815.25
7428 0.0 67.3125 1032.0 644.25
7434 0.0 13.875 1066.5 680.25
7440 67.5 22.5 1105.5 696.75
7446 846.0 214.5 1440.75 663.75
7452 892.5 203.25 1495.5 616.5
7458 0.75 48.0 204.1875 845.25
7464 28.78125 21.421875 973.5 635.625
11712 1633.5 357.0 1822.5 534.0
11718 1632.0 356.25 1824.0 533.25
11724 1632.0 355.5 1821.0 532.875
11730 1632.0 355.125 1824.0 532.5
11736 1633.5 355.5 1824.0 532.5
11742 1633.5 355.875 1824.0 532.5
11748 1632.0 355.5 1824.0 532.5
11754 1632.0 354.375 1824.0 532.5
11760 1632.0 354.75 1824.0 532.5
11766 1632.0 354.75 1824.0 532.5
11772 1633.5 355.5 1824.0 532.5
11778 1633.5 356.25 1824.0 532.5
11784 1633.5 356.25 1824.0 532.5
11790 1633.5 355.5 1827.0 532.5
11796 1635.0 355.5 1824.0 532.5
11802 1633.5 355.5 1824.0 532.5
11808 1635.0 356.25 1825.5 533.25
11814 1635.0 356.25 1825.5 534.0
11820 1635.0 355.125 1827.0 534.0
11826 1633.5 354.75 1827.0 534.0
11832 1633.5 354.75 1827.0 534.0
7692 1635.0 357.75 1824.0 532.875
11838 1633.5 354.75 1827.0 533.25
7698 1635.0 356.25 1822.5 532.875
11844 1633.5 354.75 1827.0 534.0
7704 1635.0 357.75 1821.0 532.875
11850 1633.5 354.75 1827.0 534.0
7710 1635.0 356.25 1821.0 532.875
11856 1632.0 354.375 1824.0 533.625
7716 1632.0 355.875 1821.0 533.25
11862 1632.0 354.375 1825.5 534.0
7722 1632.0 354.75 1821.0 532.5
11868 1633.5 354.75 1825.5 534.0
7728 1630.5 353.25 1821.0 532.5
3378 1630.5 354.0 1825.5 534.75
11874 1633.5 354.75 1825.5 534.0
7734 1629.0 351.0 1824.0 535.875
3384 1630.5 353.25 1827.0 535.125
11880 1635.0 355.125 1825.5 534.0
7740 1635.0 355.5 1821.0 534.0
3390 1632.0 353.25 1827.0 534.75
7746 1635.0 355.875 1822.5 534.0
11886 1632.0 355.5 1824.0 534.0
3396 1632.0 354.0 1824.0 534.75
7752 1635.0 354.75 1822.5 533.25
11892 1632.0 356.25 1824.0 533.25
3402 1633.5 353.25 1824.0 534.375
11898 1632.0 355.5 1824.0 534.0
7758 1635.0 355.5 1821.0 534.0
3408 1635.0 354.75 1824.0 534.375
11904 1632.0 354.75 1827.0 534.75
7764 1630.5 352.875 1822.5 534.0
11910 1632.0 354.375 1827.0 534.75
3414 1632.0 354.0 1824.0 534.75
7770 1635.0 354.75 1821.0 533.25
3420 1633.5 354.0 1824.0 534.75
11916 1632.0 354.75 1827.0 534.375
7776 1629.0 353.25 1824.0 531.75
11922 1632.0 354.75 1827.0 534.0
3426 1633.5 354.0 1825.5 534.75
7782 1632.0 353.25 1824.0 531.375
11928 1632.0 353.25 1825.5 534.0
3432 1632.0 352.5 1825.5 534.75
7788 1630.5 353.25 1824.0 531.75
11934 1632.0 353.25 1827.0 534.375
7794 1632.0 354.0 1824.0 531.75
3438 1632.0 353.25 1824.0 534.75
11940 1633.5 354.75 1827.0 534.0
3444 1630.5 352.5 1824.0 534.75
7800 1632.0 353.625 1824.0 531.75
11946 1632.0 354.0 1827.0 534.375
7806 1630.5 353.25 1824.0 531.375
3450 1630.5 352.5 1824.0 534.75
11952 1629.0 353.25 1827.0 534.0
7812 1630.5 352.5 1824.0 531.375
7818 1632.0 352.125 1824.0 531.0
11958 1630.5 353.25 1825.5 533.625
3456 1630.5 352.5 1824.0 534.75
11964 1632.0 354.375 1827.0 533.625
7824 1629.0 348.75 1824.0 531.75
3462 1630.5 352.5 1824.0 534.75
11970 1632.0 353.625 1827.0 533.625
7830 1626.0 348.0 1824.0 532.875
3468 1630.5 352.5 1824.0 534.75
11976 1632.0 353.625 1827.0 533.25
7836 1630.5 352.5 1824.0 531.0
3474 1629.0 351.75 1824.0 534.75
11982 1632.0 354.0 1827.0 533.25
7842 1632.0 354.0 1824.0 531.375
3480 1629.0 351.75 1824.0 534.75
11988 1632.0 353.25 1827.0 533.625
7848 1630.5 352.5 1824.0 532.125
3486 1629.0 351.75 1824.0 534.75
11994 1632.0 354.0 1827.0 533.625
7854 1632.0 353.25 1824.0 532.5
3492 1629.0 351.75 1824.0 534.75
12000 1632.0 354.0 1827.0 533.625
7860 0.0 310.6875 1824.0 807.0
3498 1629.0 351.75 1824.0 534.75
12006 1632.0 354.0 1827.0 533.625
7866 0.0 311.8125 1824.0 807.0
3504 1629.0 351.75 1824.0 534.75
12012 1632.0 354.0 1825.5 533.625
7872 1629.0 351.0 1824.0 532.875
12018 1632.0 354.375 1825.5 534.375
3510 1632.0 351.75 1824.0 534.375
7878 1629.0 351.0 1824.0 532.5
12024 1633.5 354.75 1824.0 533.625
3516 1629.0 351.75 1824.0 534.375
7884 1632.0 353.25 1824.0 532.5
12030 1633.5 354.75 1824.0 533.625
3522 1632.0 351.75 1824.0 534.375
7890 1632.0 354.0 1824.0 532.5
12036 1632.0 354.0 1824.0 533.25
7896 1630.5 352.5 1824.0 532.5
3528 1629.0 351.75 1824.0 534.375
12042 1632.0 353.625 1824.0 533.25
7902 1629.0 350.25 1824.0 532.875
3534 1629.0 351.75 1824.0 534.375
12048 1633.5 354.0 1824.0 533.625
7908 1630.5 352.5 1824.0 532.5
12054 1633.5 354.0 1824.0 533.625
3540 1629.0 351.375 1824.0 534.375
7914 1630.5 352.875 1824.0 532.125
3546 1632.0 351.75 1824.0 534.375
12060 1633.5 354.0 1824.0 533.625
7920 1632.0 353.625 1824.0 531.75
12066 1633.5 354.0 1824.0 533.625
3552 1632.0 351.75 1824.0 534.375
7926 1632.0 353.625 1822.5 533.625
12072 1633.5 354.0 1824.0 533.625
3558 1632.0 351.75 1824.0 534.375
7932 1632.0 354.375 1821.0 532.875
12078 1633.5 354.0 1824.0 533.625
3564 1632.0 351.75 1824.0 534.375
7938 1633.5 354.0 1821.0 533.25
12084 1633.5 354.0 1824.0 533.625
3570 1632.0 351.75 1824.0 534.375
7944 1633.5 354.0 1821.0 533.25
12090 1633.5 354.0 1824.0 533.625
3576 1632.0 351.75 1824.0 534.375
7950 1632.0 354.75 1821.0 533.625
12096 1633.5 354.0 1824.0 533.625
3582 1632.0 351.75 1824.0 534.375
7956 1632.0 354.0 1822.5 533.25
3588 1629.0 351.375 1824.0 534.375
12102 1632.0 353.25 1824.0 534.0
7962 1632.0 352.5 1822.5 533.25
12108 1635.0 354.75 1824.0 533.625
7968 1632.0 354.0 1822.5 533.25
12114 1632.0 354.75 1824.0 533.25
7974 1632.0 353.25 1822.5 534.75
12120 1633.5 355.5 1824.0 533.625
7980 1632.0 352.875 1822.5 534.75
12126 1633.5 355.5 1824.0 533.625
7986 1632.0 352.875 1822.5 534.75
12132 1633.5 355.5 1824.0 533.625
7992 1632.0 354.0 1821.0 534.0
12138 1633.5 354.75 1824.0 533.25
7998 1632.0 354.0 1821.0 533.625
12144 1638.0 355.5 1824.0 534.0
8004 684.0 4.3125 1825.5 240.9375
12150 1638.0 355.125 1824.0 534.0
8010 729.375 3.5625 1851.0 244.125
12156 1635.0 354.75 1824.0 534.0
8016 774.0 3.375 1891.5 226.875
12162 1635.0 354.75 1824.0 533.625
8022 816.0 0.5625 1920.0 231.375
12168 1633.5 354.75 1824.0 533.625
12174 1635.0 354.75 1824.0 533.625
8028 0.0 36.5625 1920.0 403.5
8034 0.0 61.875 1920.0 381.375
8040 18.5625 77.15625 1920.0 393.75
8046 1026.0 97.125 1842.0 347.4375
8052 0.0 115.875 1888.5 375.375
8058 26.25 128.15625 1899.0 406.875
8064 61.125 140.25 1917.0 424.5
8070 102.375 146.25 1920.0 451.5
8076 151.875 139.875 1539.0 456.375
8082 200.625 135.5625 1608.0 468.0
8088 240.0 130.5 1630.5 483.75
8094 262.125 121.21875 1633.5 439.125
8100 306.0 122.625 1662.0 404.25
8106 514.5 114.65625 1684.5 427.5
8112 536.25 111.0 1723.5 406.5
