6 0.4082030951976776 0.26983070373535156 0.7749999761581421 0.5365560054779053
12 0.4078124761581421 0.2712109386920929 0.7757812738418579 0.538281261920929
18 0.4085937440395355 0.27793946862220764 0.7757812738418579 0.5458723902702332
24 0.4078124761581421 0.28018227219581604 0.7773436903953552 0.5486328601837158
30 0.4078124761581421 0.28225260972976685 0.7773436903953552 0.5555338859558105
36 0.4078124761581421 0.28121745586395264 0.7773436903953552 0.555188775062561
42 0.40742188692092896 0.27845701575279236 0.7789062261581421 0.5541536808013916
48 0.40703123807907104 0.2744889259338379 0.7792968153953552 0.5534635186195374
1728 0.8765624761581421 0.7701562643051147 0.9999999403953552 0.9882291555404663
54 0.4062499701976776 0.2724186182022095 0.7804687023162842 0.5527734160423279
1734 0.8765624761581421 0.7736067771911621 0.9999999403953552 0.9889192581176758
60 0.40546876192092896 0.268450528383255 0.7804687023162842 0.5513932108879089
1740 0.8749999403953552 0.7729166150093079 0.9999999403953552 0.9896093606948853
66 0.40507811307907104 0.2667252719402313 0.7812499403953552 0.5513932108879089
1746 0.8749999403953552 0.7715364694595337 0.9999999403953552 0.9868489503860474
72 0.4042968451976776 0.26500001549720764 0.7824218273162842 0.5513932108879089
858 0.709765613079071 0.4906640648841858 0.7871093153953552 0.5838281512260437
1752 0.8749999403953552 0.7763671875 0.9999999403953552 0.9875391125679016
78 0.4046874940395355 0.26396483182907104 0.7835937738418579 0.5524284243583679
864 0.47734373807907104 0.46616536378860474 0.7867187261581421 0.5783073306083679
84 0.40507811307907104 0.2663802206516266 0.7828124761581421 0.5541536808013916
870 0.47734373807907104 0.4589192569255829 0.7921874523162842 0.5762370228767395
90 0.4046874940395355 0.26724281907081604 0.7828124761581421 0.5555338859558105
876 0.715624988079071 0.48652341961860657 0.7890624403953552 0.5817578434944153
96 0.4039062261581421 0.2674153745174408 0.7835937738418579 0.5582942366600037
882 0.4742187261581421 0.45960935950279236 0.7851561903953552 0.5858984589576721
102 0.40156251192092896 0.2674153745174408 0.783984363079071 0.5596745014190674
888 0.4722656011581421 0.4640950560569763 0.5246093273162842 0.5579492449760437
108 0.4039062261581421 0.27086588740348816 0.7835937738418579 0.5579492449760437
894 0.4765624701976776 0.4678906500339508 0.7953125238418579 0.5783073306083679
900 0.4749999940395355 0.45753908157348633 0.7890624403953552 0.5893489718437195
906 0.47148436307907104 0.46340492367744446 0.7914062738418579 0.5903841257095337
912 0.4710937440395355 0.4868685007095337 0.7812499403953552 0.5972851514816284
918 0.4726562201976776 0.4782421886920929 0.7804687023162842 0.5900390148162842
924 0.4726562201976776 0.47962239384651184 0.7808593511581421 0.5962499976158142
1872 0.5441405773162842 0.4430468678474426 0.6917968988418579 0.8985156416893005
1878 0.5464843511581421 0.6631901264190674 0.6925780773162842 0.8964453339576721
240 0.0 0.28639325499534607 0.07758788764476776 0.40095052123069763
1944 0.5460937023162842 0.6576693058013916 0.688281238079071 0.8992056846618652
1086 0.3050781190395355 0.2701757848262787 0.3636718690395355 0.33470049500465393
1110 0.2652343511581421 0.2729361951351166 0.35429686307907104 0.3505729138851166
1116 0.2660156190395355 0.2712109386920929 0.3550781011581421 0.352643221616745
1122 0.2734375 0.2732812464237213 0.3539062440395355 0.35609373450279236
1128 0.27031248807907104 0.27638670802116394 0.3265624940395355 0.3757617175579071
1134 0.2640624940395355 0.2743164300918579 0.3453124761581421 0.36472004652023315
378 0.4156249761581421 0.35126304626464844 0.7265624403953552 0.6066015362739563
384 0.4281249940395355 0.3574739694595337 0.7226561903953552 0.6059114933013916
390 0.674609363079071 0.3602343797683716 0.7542968988418579 0.5327604413032532
396 0.6742187738418579 0.36092448234558105 0.7999999523162842 0.5210286378860474
402 0.4273437261581421 0.3623046875 0.8101562261581421 0.6248893141746521
408 0.42304688692092896 0.36092448234558105 0.7882812023162842 0.6241992115974426
414 0.672656238079071 0.35126304626464844 0.782031238079071 0.4975650906562805
420 0.4242187440395355 0.36368489265441895 0.762499988079071 0.6331705451011658
426 0.6757811903953552 0.3650651276111603 0.8117187023162842 0.5513932108879089
432 0.6757811903953552 0.3643749952316284 0.8164061903953552 0.5134375095367432
438 0.672656238079071 0.36195963621139526 0.7929686903953552 0.5158528685569763
684 0.0002929687616415322 0.34263673424720764 0.09560546278953552 0.45650389790534973
786 0.8109375238418579 0.7680859565734863 0.8531249761581421 0.9364713430404663
792 0.22109374403953552 0.5900390148162842 0.2437499761581421 0.6590494513511658
798 0.8023437261581421 0.7453124523162842 0.8539062738418579 0.9495833516120911
804 0.805468738079071 0.7604947686195374 0.8539062738418579 0.952343761920929
810 0.7906249761581421 0.7370312809944153 0.8546874523162842 0.9606249928474426
816 0.21406249701976776 0.5582942366600037 0.8515624403953552 0.9592447876930237
822 0.21523436903953552 0.5865885615348816 0.8515624403953552 0.96407550573349
828 0.21542969346046448 0.5900390148162842 0.2412109225988388 0.6769921779632568
840 0.22343748807907104 0.5969401001930237 0.2460937350988388 0.6804426908493042
846 0.22148436307907104 0.5755468606948853 0.2480468600988388 0.6804426908493042
852 0.7124999761581421 0.4899739623069763 0.7890624403953552 0.5789973735809326
