126 0.3363281190395355 0.26833006739616394 0.482421875 0.6975195407867432
132 0.3792968690395355 0.31773194670677185 0.4964843690395355 0.7016797065734863
138 0.40156248211860657 0.33835938572883606 0.50390625 0.7002930045127869
144 0.44843748211860657 0.3910546898841858 0.53125 0.6975195407867432
156 0.508593738079071 0.4340429902076721 0.5679687261581421 0.6989062428474426
462 0.6382812261581421 0.19760742783546448 0.688281238079071 0.38065430521965027
468 0.64453125 0.22187501192092896 0.6929687261581421 0.3931347727775574
174 0.4859375059604645 0.46455076336860657 0.520312488079071 0.6843457221984863
474 0.6578124761581421 0.2350488305091858 0.703125 0.3709472715854645
480 0.6691405773162842 0.2128613293170929 0.7144531011581421 0.33558592200279236
486 0.633593738079071 0.19726073741912842 0.696093738079071 0.3879345655441284
492 0.607421875 0.16155274212360382 0.6675781011581421 0.36262694001197815
498 0.5835937261581421 0.1310449242591858 0.6398437023162842 0.32587891817092896
504 0.563281238079071 0.13173827528953552 0.617968738079071 0.29121094942092896
534 0.4828124940395355 0.14595215022563934 0.5187499523162842 0.2853173613548279
546 0.42265623807907104 0.15825927257537842 0.47734373807907104 0.2847973704338074
552 0.3988281190395355 0.17541992664337158 0.44648435711860657 0.30854493379592896
558 0.40156248211860657 0.1993408352136612 0.44218748807907104 0.3348925709724426
564 0.4117187559604645 0.21979491412639618 0.4429687559604645 0.3515332043170929
570 0.42460936307907104 0.2312353551387787 0.46367186307907104 0.3671337962150574
576 0.43437498807907104 0.23088867962360382 0.4859375059604645 0.3612402379512787
582 0.42890623211860657 0.22672851383686066 0.49140623211860657 0.33939942717552185
588 0.39472654461860657 0.21632812917232513 0.46796873211860657 0.3147851526737213
