6 0.7007812857627869 0.18472221493721008 0.8929687738418579 0.5177083015441895
12 0.7007812857627869 0.18333333730697632 0.8929687738418579 0.5177083015441895
18 0.7007812857627869 0.18333333730697632 0.8929687738418579 0.5177083015441895
24 0.7007812857627869 0.18333333730697632 0.8929687738418579 0.5177083015441895
1152 0.4476562738418579 0.2916666567325592 0.5554687976837158 0.46736109256744385
30 0.7007812857627869 0.18298611044883728 0.8929687738418579 0.5177083015441895
2304 0.8507813215255737 0.3270833194255829 0.9500000476837158 0.4937500059604645
1158 0.44453126192092896 0.29878470301628113 0.5523437857627869 0.4722222089767456
36 0.7000000476837158 0.18263888359069824 0.8937500715255737 0.5180555582046509
2310 0.8507813215255737 0.3270833194255829 0.9500000476837158 0.49409720301628113
1164 0.44218751788139343 0.30347222089767456 0.550000011920929 0.47708332538604736
42 0.7000000476837158 0.18368054926395416 0.8937500715255737 0.5177083015441895
2316 0.8507813215255737 0.32777777314186096 0.9500000476837158 0.49444442987442017
1170 0.43828126788139343 0.30659720301628113 0.546093761920929 0.4815972149372101
48 0.7000000476837158 0.18333333730697632 0.8929687738418579 0.5173611044883728
2322 0.8515625596046448 0.32777777314186096 0.9500000476837158 0.49409720301628113
1176 0.43515628576278687 0.3097222149372101 0.5437500476837158 0.4861111044883728
54 0.7000000476837158 0.18298611044883728 0.8937500715255737 0.5173611044883728
2328 0.8507813215255737 0.32777777314186096 0.9500000476837158 0.49409720301628113
1182 0.43281251192092896 0.3152777850627899 0.5406250357627869 0.4902777671813965
60 0.7007812857627869 0.1840277761220932 0.8937500715255737 0.5173611044883728
2334 0.8507813215255737 0.328125 0.9500000476837158 0.4937500059604645
66 0.7000000476837158 0.18263888359069824 0.8929687738418579 0.5173611044883728
1188 0.4296875298023224 0.3201388716697693 0.5375000238418579 0.49513888359069824
2340 0.8507813215255737 0.32777777314186096 0.9500000476837158 0.49409720301628113
72 0.7000000476837158 0.18333333730697632 0.8929687738418579 0.5173611044883728
1194 0.4257812798023224 0.32430556416511536 0.5335937738418579 0.4993055462837219
2346 0.8507813215255737 0.32777777314186096 0.9500000476837158 0.4937500059604645
78 0.7000000476837158 0.18333333730697632 0.8929687738418579 0.5173611044883728
2352 0.8507813215255737 0.32777777314186096 0.9500000476837158 0.49409720301628113
1200 0.698437511920929 0.18090277910232544 0.8921875357627869 0.515625
84 0.7000000476837158 0.18437500298023224 0.8929687738418579 0.5173611044883728
1206 0.698437511920929 0.18090277910232544 0.8921875357627869 0.5163194537162781
2358 0.8500000238418579 0.32673609256744385 0.9500000476837158 0.49409720301628113
90 0.7007812857627869 0.18437500298023224 0.8929687738418579 0.5180555582046509
1212 0.698437511920929 0.18090277910232544 0.8921875357627869 0.5159721970558167
2364 0.8500000238418579 0.32673609256744385 0.9500000476837158 0.49409720301628113
1218 0.698437511920929 0.18159721791744232 0.8921875357627869 0.5159721970558167
2370 0.8500000238418579 0.3270833194255829 0.9500000476837158 0.49409720301628113
96 0.7000000476837158 0.18437500298023224 0.8929687738418579 0.5173611044883728
1224 0.698437511920929 0.18090277910232544 0.8929687738418579 0.5152777433395386
2376 0.8500000238418579 0.3270833194255829 0.9500000476837158 0.49409720301628113
102 0.6992188096046448 0.18368054926395416 0.8929687738418579 0.5173611044883728
1230 0.698437511920929 0.18194444477558136 0.8929687738418579 0.5152777433395386
108 0.7000000476837158 0.18368054926395416 0.8929687738418579 0.5173611044883728
2382 0.8507813215255737 0.32777777314186096 0.9500000476837158 0.49409720301628113
1236 0.7000000476837158 0.18333333730697632 0.8921875357627869 0.5159721970558167
114 0.7000000476837158 0.1840277761220932 0.8929687738418579 0.5173611044883728
2388 0.8507813215255737 0.32777777314186096 0.9500000476837158 0.49409720301628113
1242 0.7000000476837158 0.18298611044883728 0.8929687738418579 0.5159721970558167
120 0.6992188096046448 0.18263888359069824 0.8929687738418579 0.5173611044883728
2394 0.8507813215255737 0.32777777314186096 0.9500000476837158 0.4937500059604645
1248 0.6992188096046448 0.18298611044883728 0.8929687738418579 0.515625
126 0.7000000476837158 0.18263888359069824 0.8929687738418579 0.5180555582046509
2400 0.8515625596046448 0.32847222685813904 0.9500000476837158 0.49409720301628113
1254 0.6992188096046448 0.18368054926395416 0.8937500715255737 0.5149305462837219
132 0.7007812857627869 0.18437500298023224 0.8929687738418579 0.5180555582046509
2406 0.8507813215255737 0.32777777314186096 0.9500000476837158 0.4937500059604645
1260 0.7000000476837158 0.18368054926395416 0.8937500715255737 0.5149305462837219
1266 0.7000000476837158 0.18437500298023224 0.8937500715255737 0.5145833492279053
2412 0.8507813215255737 0.32777777314186096 0.9500000476837158 0.49409720301628113
138 0.7000000476837158 0.18333333730697632 0.8929687738418579 0.5180555582046509
1272 0.6992188096046448 0.1840277761220932 0.8937500715255737 0.5145833492279053
2418 0.8507813215255737 0.32777777314186096 0.9500000476837158 0.49409720301628113
144 0.7000000476837158 0.18368054926395416 0.8929687738418579 0.5180555582046509
1278 0.6992188096046448 0.1840277761220932 0.8937500715255737 0.5145833492279053
2424 0.8515625596046448 0.3274305462837219 0.9500000476837158 0.4947916567325592
150 0.7007812857627869 0.1840277761220932 0.8929687738418579 0.5180555582046509
1284 0.6992188096046448 0.18368054926395416 0.8921875357627869 0.5145833492279053
2430 0.8515625596046448 0.3263888955116272 0.9500000476837158 0.4947916567325592
156 0.7000000476837158 0.18194444477558136 0.8921875357627869 0.5163194537162781
1290 0.7000000476837158 0.1840277761220932 0.8921875357627869 0.5145833492279053
2436 0.8500000238418579 0.32673609256744385 0.9500000476837158 0.4947916567325592
1296 0.7000000476837158 0.1840277761220932 0.8921875357627869 0.5145833492279053
2442 0.8515625596046448 0.3270833194255829 0.9500000476837158 0.4947916567325592
162 0.7000000476837158 0.18194444477558136 0.8921875357627869 0.5159721970558167
168 0.7000000476837158 0.18124999105930328 0.8921875357627869 0.5159721970558167
1302 0.7000000476837158 0.18472221493721008 0.8921875357627869 0.5145833492279053
2448 0.8515625596046448 0.3270833194255829 0.9500000476837158 0.49444442987442017
1308 0.698437511920929 0.18333333730697632 0.8937500715255737 0.5145833492279053
174 0.7000000476837158 0.18194444477558136 0.8921875357627869 0.5159721970558167
2454 0.8515625596046448 0.3270833194255829 0.9500000476837158 0.49444442987442017
180 0.7000000476837158 0.18194444477558136 0.8921875357627869 0.5159721970558167
1314 0.6992188096046448 0.18472221493721008 0.8921875357627869 0.5145833492279053
2460 0.8515625596046448 0.3270833194255829 0.9500000476837158 0.49444442987442017
1320 0.6992188096046448 0.18472221493721008 0.8921875357627869 0.5145833492279053
186 0.7000000476837158 0.1805555522441864 0.8921875357627869 0.5159721970558167
2466 0.8515625596046448 0.3270833194255829 0.9500000476837158 0.49444442987442017
1326 0.6992188096046448 0.18541666865348816 0.8921875357627869 0.5145833492279053
192 0.7000000476837158 0.1805555522441864 0.8921875357627869 0.5159721970558167
2472 0.8515625596046448 0.3270833194255829 0.9500000476837158 0.49444442987442017
198 0.7000000476837158 0.18090277910232544 0.8921875357627869 0.5163194537162781
1332 0.6992188096046448 0.18472221493721008 0.8921875357627869 0.5145833492279053
2478 0.8515625596046448 0.32777777314186096 0.9500000476837158 0.49513888359069824
204 0.7000000476837158 0.18090277910232544 0.8921875357627869 0.5159721970558167
1338 0.6992188096046448 0.18506944179534912 0.8921875357627869 0.5145833492279053
2484 0.8515625596046448 0.32777777314186096 0.9500000476837158 0.4954861104488373
210 0.7007812857627869 0.1822916567325592 0.8921875357627869 0.5163194537162781
1344 0.6992188096046448 0.18472221493721008 0.8921875357627869 0.5149305462837219
2490 0.8515625596046448 0.32777777314186096 0.9500000476837158 0.4954861104488373
1350 0.7000000476837158 0.1840277761220932 0.8929687738418579 0.5152777433395386
2496 0.8515625596046448 0.32777777314186096 0.9500000476837158 0.4954861104488373
1356 0.6992188096046448 0.18333333730697632 0.8937500715255737 0.5152777433395386
2502 0.8500000238418579 0.3270833194255829 0.9500000476837158 0.49513888359069824
1362 0.6992188096046448 0.18437500298023224 0.8929687738418579 0.5152777433395386
2508 0.8500000238418579 0.32777777314186096 0.9500000476837158 0.49513888359069824
1368 0.6992188096046448 0.1840277761220932 0.8921875357627869 0.5152777433395386
240 0.0 0.00902777723968029 0.02626953274011612 0.6305555701255798
1374 0.8515625596046448 0.3274305462837219 0.9500000476837158 0.4923610985279083
2514 0.8515625596046448 0.32777777314186096 0.9500000476837158 0.49513888359069824
246 0.0 0.00555555522441864 0.02585449442267418 0.6270833015441895
1380 0.8515625596046448 0.32777777314186096 0.9500000476837158 0.4930555522441864
2520 0.8515625596046448 0.32847222685813904 0.9500000476837158 0.4954861104488373
252 0.0 0.0062500000931322575 0.02478027530014515 0.6260416507720947
1386 0.8515625596046448 0.3270833194255829 0.9500000476837158 0.49444442987442017
2526 0.8507813215255737 0.32847222685813904 0.9500000476837158 0.4954861104488373
258 0.0 0.0072916666977107525 0.02419433742761612 0.6201388835906982
1392 0.8515625596046448 0.3263888955116272 0.9500000476837158 0.4937500059604645
2532 0.8507813215255737 0.328125 0.9500000476837158 0.4954861104488373
1398 0.8515625596046448 0.3263888955116272 0.9500000476837158 0.49409720301628113
264 0.0 0.00277777761220932 0.43671876192092896 0.6215277910232544
2538 0.8515625596046448 0.32847222685813904 0.9500000476837158 0.4958333373069763
1404 0.8515625596046448 0.3263888955116272 0.9500000476837158 0.49444442987442017
270 0.0 0.0034722222480922937 0.02163086086511612 0.6159722208976746
2544 0.8507813215255737 0.32847222685813904 0.9500000476837158 0.4958333373069763
276 0.0 0.01111111044883728 0.02100830152630806 0.6090277433395386
1410 0.8515625596046448 0.3270833194255829 0.9500000476837158 0.49444442987442017
2550 0.8507813215255737 0.32847222685813904 0.9500000476837158 0.49618053436279297
1416 0.8515625596046448 0.3270833194255829 0.9500000476837158 0.49409720301628113
282 0.0 0.012500000186264515 0.01970214955508709 0.5569444298744202
1422 0.8515625596046448 0.32673609256744385 0.9500000476837158 0.49340277910232544
2556 0.8507813215255737 0.32847222685813904 0.9500000476837158 0.4958333373069763
288 0.0 0.01354166679084301 0.01842041127383709 0.5583333373069763
1428 0.8515625596046448 0.3263888955116272 0.9500000476837158 0.4937500059604645
2562 0.8507813215255737 0.32777777314186096 0.9500000476837158 0.49618053436279297
1434 0.8515625596046448 0.3263888955116272 0.9500000476837158 0.49409720301628113
2568 0.8507813215255737 0.32777777314186096 0.9500000476837158 0.4958333373069763
2574 0.8507813215255737 0.3270833194255829 0.9500000476837158 0.4958333373069763
1440 0.8515625596046448 0.3263888955116272 0.9500000476837158 0.49409720301628113
1446 0.8515625596046448 0.3263888955116272 0.9500000476837158 0.4937500059604645
2580 0.8507813215255737 0.3270833194255829 0.9500000476837158 0.4958333373069763
2586 0.8507813215255737 0.3270833194255829 0.9500000476837158 0.4958333373069763
1452 0.8515625596046448 0.3270833194255829 0.9500000476837158 0.4937500059604645
2592 0.8507813215255737 0.3270833194255829 0.9507812857627869 0.4958333373069763
1458 0.8515625596046448 0.3270833194255829 0.9500000476837158 0.4937500059604645
2598 0.8507813215255737 0.3270833194255829 0.9500000476837158 0.4958333373069763
1464 0.8515625596046448 0.3270833194255829 0.9500000476837158 0.4937500059604645
2604 0.8507813215255737 0.32777777314186096 0.9507812857627869 0.4958333373069763
1470 0.8531250357627869 0.32777777314186096 0.9500000476837158 0.49340277910232544
2610 0.8507813215255737 0.3270833194255829 0.9500000476837158 0.4958333373069763
1476 0.8515625596046448 0.32777777314186096 0.9500000476837158 0.4937500059604645
1482 0.8523437976837158 0.32847222685813904 0.9500000476837158 0.49340277910232544
2616 0.0 0.10520832985639572 0.9835938215255737 0.3420138955116272
1488 0.8515625596046448 0.3270833194255829 0.9500000476837158 0.49340277910232544
2622 0.007519531529396772 0.11944444477558136 0.9875000715255737 0.3725694417953491
1494 0.8500000238418579 0.3263888955116272 0.9500000476837158 0.49340277910232544
2628 0.02871093899011612 0.12951388955116272 0.9984375238418579 0.39097222685813904
1500 0.8515625596046448 0.32777777314186096 0.9500000476837158 0.4930555522441864
366 0.0 0.0381944440305233 0.06416016072034836 0.2899305522441864
1506 0.8515625596046448 0.32777777314186096 0.9500000476837158 0.4930555522441864
2634 0.05156250298023224 0.1371527761220932 1.0 0.40486109256744385
1512 0.8515625596046448 0.32777777314186096 0.9500000476837158 0.4930555522441864
2640 0.0761718824505806 0.13055555522441864 0.8000000715255737 0.41631942987442017
1518 0.8515625596046448 0.32777777314186096 0.9500000476837158 0.4930555522441864
384 0.0 0.0434027761220932 0.06972656399011612 0.28958332538604736
1524 0.8515625596046448 0.32777777314186096 0.9500000476837158 0.4930555522441864
2646 0.10126953572034836 0.12447916716337204 0.8304687738418579 0.43541666865348816
2652 0.1210937574505806 0.12118055671453476 0.8492187857627869 0.40486109256744385
1530 0.8515625596046448 0.32777777314186096 0.9500000476837158 0.4930555522441864
1536 0.8515625596046448 0.32777777314186096 0.9500000476837158 0.4930555522441864
2658 0.13613282144069672 0.11423610895872116 0.8531250357627869 0.40763887763023376
1542 0.8500000238418579 0.3270833194255829 0.9500000476837158 0.4930555522441864
2664 0.15664063394069672 0.1111111119389534 0.8609375357627869 0.37013888359069824
1548 0.8500000238418579 0.32673609256744385 0.9500000476837158 0.4923610985279083
2670 0.2660156488418579 0.10624999552965164 0.8757812976837158 0.39027777314186096
1554 0.8515625596046448 0.3270833194255829 0.9500000476837158 0.4930555522441864
1560 0.8515625596046448 0.32777777314186096 0.9500000476837158 0.4930555522441864
2676 0.2779296934604645 0.10729166120290756 0.8937500715255737 0.3881944417953491
1566 0.8515625596046448 0.32777777314186096 0.9500000476837158 0.4930555522441864
2682 0.28632813692092896 0.08993055671453476 0.9039062857627869 0.37118053436279297
2688 0.0 0.01874999888241291 0.9171875715255737 0.4989583194255829
1572 0.8515625596046448 0.32777777314186096 0.9500000476837158 0.4930555522441864
1578 0.8515625596046448 0.32777777314186096 0.9500000476837158 0.4930555522441864
2694 0.0 0.01111111044883728 0.9312500357627869 0.7826388478279114
2700 0.02324218861758709 0.01041666604578495 0.9531250596046448 0.7888888716697693
1584 0.8515625596046448 0.32777777314186096 0.9500000476837158 0.4930555522441864
1590 0.8515625596046448 0.32777777314186096 0.9500000476837158 0.4930555522441864
2706 0.04221191629767418 0.01666666567325592 0.9781250357627869 0.7861111164093018
1596 0.8515625596046448 0.32777777314186096 0.9500000476837158 0.49270832538604736
2712 0.18593750894069672 0.013194444589316845 1.0 0.7861111164093018
1602 0.8515625596046448 0.32777777314186096 0.9500000476837158 0.4930555522441864
1608 0.8515625596046448 0.32777777314186096 0.9500000476837158 0.4937500059604645
2718 0.2402343899011612 0.013888888992369175 0.9039062857627869 0.7861111164093018
1614 0.8515625596046448 0.32777777314186096 0.9500000476837158 0.4937500059604645
2724 0.2828125059604645 0.0062500000931322575 0.9125000238418579 0.7833333015441895
1620 0.8531250357627869 0.32847222685813904 0.9500000476837158 0.4937500059604645
2730 0.13310547173023224 0.00416666641831398 0.5203125476837158 0.7208333015441895
1626 0.8515625596046448 0.32777777314186096 0.9500000476837158 0.4937500059604645
2736 0.41562503576278687 0.0076388888992369175 0.5984375476837158 0.6326388716697693
1632 0.8515625596046448 0.32777777314186096 0.9500000476837158 0.4937500059604645
2742 0.43671876192092896 0.01284722238779068 0.671093761920929 0.621874988079071
1638 0.8515625596046448 0.32777777314186096 0.9500000476837158 0.4930555522441864
2748 0.2226562649011612 0.009374999441206455 0.7671875357627869 0.6145833134651184
1644 0.8515625596046448 0.32777777314186096 0.9500000476837158 0.4930555522441864
1650 0.8515625596046448 0.32777777314186096 0.9500000476837158 0.4937500059604645
2754 0.22343751788139343 0.01041666604578495 0.8117188215255737 0.6708333492279053
1656 0.8515625596046448 0.32777777314186096 0.9500000476837158 0.4937500059604645
2760 0.51953125 0.00972222164273262 0.8140625357627869 0.7319444417953491
2766 0.5414062738418579 0.014583333395421505 0.8156250715255737 0.7652777433395386
2772 0.18544922769069672 0.00416666641831398 0.8234375715255737 0.7777777910232544
