6 0.7007812857627869 0.18472221493721008 0.8929687738418579 0.5177083015441895
12 0.7007812857627869 0.18333333730697632 0.8929687738418579 0.5177083015441895
18 0.7007812857627869 0.18333333730697632 0.8929687738418579 0.5177083015441895
24 0.7007812857627869 0.18333333730697632 0.8929687738418579 0.5177083015441895
1170 0.43828126788139343 0.30659720301628113 0.546093761920929 0.4815972149372101
54 0.7000000476837158 0.18298611044883728 0.8937500715255737 0.5173611044883728
2334 0.8507813215255737 0.328125 0.9500000476837158 0.4937500059604645
60 0.7007812857627869 0.1840277761220932 0.8937500715255737 0.5173611044883728
1200 0.698437511920929 0.18090277910232544 0.8921875357627869 0.515625
2364 0.8500000238418579 0.32673609256744385 0.9500000476837158 0.49409720301628113
90 0.7007812857627869 0.18437500298023224 0.8929687738418579 0.5180555582046509
1206 0.698437511920929 0.18090277910232544 0.8921875357627869 0.5163194537162781
120 0.6992188096046448 0.18263888359069824 0.8929687738418579 0.5173611044883728
1236 0.7000000476837158 0.18333333730697632 0.8921875357627869 0.5159721970558167
2394 0.8507813215255737 0.32777777314186096 0.9500000476837158 0.4937500059604645
126 0.7000000476837158 0.18263888359069824 0.8929687738418579 0.5180555582046509
1242 0.7000000476837158 0.18298611044883728 0.8929687738418579 0.5159721970558167
2424 0.8515625596046448 0.3274305462837219 0.9500000476837158 0.4947916567325592
1266 0.7000000476837158 0.18437500298023224 0.8937500715255737 0.5145833492279053
156 0.7000000476837158 0.18194444477558136 0.8921875357627869 0.5163194537162781
2430 0.8515625596046448 0.3263888955116272 0.9500000476837158 0.4947916567325592
1272 0.6992188096046448 0.1840277761220932 0.8937500715255737 0.5145833492279053
1296 0.7000000476837158 0.1840277761220932 0.8921875357627869 0.5145833492279053
2460 0.8515625596046448 0.3270833194255829 0.9500000476837158 0.49444442987442017
186 0.7000000476837158 0.1805555522441864 0.8921875357627869 0.5159721970558167
1302 0.7000000476837158 0.18472221493721008 0.8921875357627869 0.5145833492279053
2466 0.8515625596046448 0.3270833194255829 0.9500000476837158 0.49444442987442017
2490 0.8515625596046448 0.32777777314186096 0.9500000476837158 0.4954861104488373
2496 0.8515625596046448 0.32777777314186096 0.9500000476837158 0.4954861104488373
1332 0.6992188096046448 0.18472221493721008 0.8921875357627869 0.5145833492279053
2502 0.8500000238418579 0.3270833194255829 0.9500000476837158 0.49513888359069824
1338 0.6992188096046448 0.18506944179534912 0.8921875357627869 0.5145833492279053
246 0.0 0.00555555522441864 0.02585449442267418 0.6270833015441895
1362 0.6992188096046448 0.18437500298023224 0.8929687738418579 0.5152777433395386
2526 0.8507813215255737 0.32847222685813904 0.9500000476837158 0.4954861104488373
252 0.0 0.0062500000931322575 0.02478027530014515 0.6260416507720947
1368 0.6992188096046448 0.1840277761220932 0.8921875357627869 0.5152777433395386
1392 0.8515625596046448 0.3263888955116272 0.9500000476837158 0.4937500059604645
2556 0.8507813215255737 0.32847222685813904 0.9500000476837158 0.4958333373069763
282 0.0 0.012500000186264515 0.01970214955508709 0.5569444298744202
1398 0.8515625596046448 0.3263888955116272 0.9500000476837158 0.49409720301628113
2562 0.8507813215255737 0.32777777314186096 0.9500000476837158 0.49618053436279297
1428 0.8515625596046448 0.3263888955116272 0.9500000476837158 0.4937500059604645
2592 0.8507813215255737 0.3270833194255829 0.9507812857627869 0.4958333373069763
1434 0.8515625596046448 0.3263888955116272 0.9500000476837158 0.49409720301628113
2598 0.8507813215255737 0.3270833194255829 0.9500000476837158 0.4958333373069763
2622 0.007519531529396772 0.11944444477558136 0.9875000715255737 0.3725694417953491
1464 0.8515625596046448 0.3270833194255829 0.9500000476837158 0.4937500059604645
2628 0.02871093899011612 0.12951388955116272 0.9984375238418579 0.39097222685813904
1470 0.8531250357627869 0.32777777314186096 0.9500000476837158 0.49340277910232544
2634 0.05156250298023224 0.1371527761220932 1.0 0.40486109256744385
366 0.0 0.0381944440305233 0.06416016072034836 0.2899305522441864
2658 0.13613282144069672 0.11423610895872116 0.8531250357627869 0.40763887763023376
1494 0.8500000238418579 0.3263888955116272 0.9500000476837158 0.49340277910232544
2664 0.15664063394069672 0.1111111119389534 0.8609375357627869 0.37013888359069824
1500 0.8515625596046448 0.32777777314186096 0.9500000476837158 0.4930555522441864
1524 0.8515625596046448 0.32777777314186096 0.9500000476837158 0.4930555522441864
2694 0.0 0.01111111044883728 0.9312500357627869 0.7826388478279114
1530 0.8515625596046448 0.32777777314186096 0.9500000476837158 0.4930555522441864
1536 0.8515625596046448 0.32777777314186096 0.9500000476837158 0.4930555522441864
1560 0.8515625596046448 0.32777777314186096 0.9500000476837158 0.4930555522441864
2724 0.2828125059604645 0.0062500000931322575 0.9125000238418579 0.7833333015441895
1566 0.8515625596046448 0.32777777314186096 0.9500000476837158 0.4930555522441864
2730 0.13310547173023224 0.00416666641831398 0.5203125476837158 0.7208333015441895
1572 0.8515625596046448 0.32777777314186096 0.9500000476837158 0.4930555522441864
2736 0.41562503576278687 0.0076388888992369175 0.5984375476837158 0.6326388716697693
2754 0.22343751788139343 0.01041666604578495 0.8117188215255737 0.6708333492279053
1596 0.8515625596046448 0.32777777314186096 0.9500000476837158 0.49270832538604736
1602 0.8515625596046448 0.32777777314186096 0.9500000476837158 0.4930555522441864
2760 0.51953125 0.00972222164273262 0.8140625357627869 0.7319444417953491
1608 0.8515625596046448 0.32777777314186096 0.9500000476837158 0.4937500059604645
2766 0.5414062738418579 0.014583333395421505 0.8156250715255737 0.7652777433395386
1626 0.8515625596046448 0.32777777314186096 0.9500000476837158 0.4937500059604645
2784 0.33906251192092896 0.006770833395421505 0.9765625596046448 0.6833333373069763
1632 0.8515625596046448 0.32777777314186096 0.9500000476837158 0.4937500059604645
2790 0.676953136920929 0.0036458333488553762 1.0 0.6631944179534912
1638 0.8515625596046448 0.32777777314186096 0.9500000476837158 0.4930555522441864
2796 0.0 0.11319444328546524 0.7820312976837158 0.5767360925674438
2814 0.006213379092514515 0.09791666269302368 0.9000000357627869 0.6111111044883728
2820 0.02158203162252903 0.0902777761220932 0.9187500476837158 0.6194444298744202
2826 0.02890625223517418 0.10000000149011612 0.9859375357627869 0.6847221851348877
540 0.20976564288139343 0.22499999403953552 1.0 0.6513888835906982
2832 0.0773925855755806 0.10451388359069824 1.0 0.675000011920929
552 0.20957031846046448 0.22638888657093048 1.0 0.6520833373069763
2844 0.12802734971046448 0.07604166865348816 1.0 0.6284722089767456
2850 0.14921875298023224 0.06527777761220932 0.555859386920929 0.6041666269302368
558 0.20937500894069672 0.22760416567325592 1.0 0.652430534362793
2856 0.1684570461511612 0.06006944179534912 0.5914062857627869 0.5416666865348816
564 0.2089843899011612 0.22777777910232544 1.0 0.6520833373069763
582 0.267578125 0.22847221791744232 1.0 0.6527777910232544
2880 0.26835939288139343 0.03888888657093048 0.8843750357627869 0.5249999761581421
588 0.267578125 0.22847221791744232 0.9992188215255737 0.652430534362793
2886 0.1743164211511612 0.0364583320915699 0.9484375715255737 0.5020833015441895
594 0.267578125 0.22899305820465088 0.9984375238418579 0.652430534362793
2892 0.1093750074505806 0.0027343749534338713 0.9992188215255737 0.5062499642372131
2910 0.0 0.05624999850988388 0.5375000238418579 0.5861111283302307
618 0.26679688692092896 0.22986111044883728 0.9968750476837158 0.6534721851348877
2916 0.0 0.006770833395421505 0.5492187738418579 0.6263889074325562
624 0.26679688692092896 0.23055554926395416 0.9968750476837158 0.6534721851348877
2922 0.011718750931322575 0.01684027723968029 0.5699219107627869 0.6416666507720947
648 0.26640626788139343 0.23298610746860504 0.9984375238418579 0.6538194417953491
2946 0.010791015811264515 0.02135416679084301 0.43437501788139343 0.590624988079071
654 0.2660156488418579 0.23298610746860504 0.9984375238418579 0.6541666388511658
2952 0.0 0.01102430559694767 0.6507812738418579 0.7548611164093018
660 0.2660156488418579 0.23333333432674408 0.9984375238418579 0.6541666388511658
678 0.265625 0.23541666567325592 0.9976562857627869 0.6555555462837219
684 0.265625 0.2352430522441864 0.9984375238418579 0.65625
690 0.26484376192092896 0.23680555820465088 0.9984375238418579 0.65625
696 0.2652343809604645 0.23628471791744232 0.9984375238418579 0.6565971970558167
702 0.26484376192092896 0.23888888955116272 0.9984375238418579 0.6569444537162781
708 0.26484376192092896 0.23680555820465088 0.9984375238418579 0.6569444537162781
714 0.26445314288139343 0.23749999701976776 0.9984375238418579 0.6572916507720947
720 0.26445314288139343 0.23819443583488464 0.9984375238418579 0.6572916507720947
726 0.2640625238418579 0.23906250298023224 0.9992188215255737 0.6569444537162781
744 0.263671875 0.24079860746860504 1.0 0.6576388478279114
750 0.263671875 0.24027776718139648 1.0 0.6576388478279114
756 0.2632812559604645 0.24097222089767456 1.0 0.6579861044883728
762 0.2632812559604645 0.24062499403953552 0.8750000596046448 0.6576388478279114
894 0.6601563096046448 0.0885416641831398 0.7242187857627869 0.2545138895511627
900 0.6609375476837158 0.08984375 0.7250000238418579 0.25659722089767456
906 0.661328136920929 0.0911458283662796 0.7261719107627869 0.2585069537162781
912 0.661328136920929 0.0924479141831398 0.7261719107627869 0.2604166567325592
3228 0.8492187857627869 0.32777777314186096 0.9507812857627869 0.49513888359069824
3240 0.8500000238418579 0.3270833194255829 0.9515625238418579 0.49513888359069824
930 0.6625000238418579 0.09661458432674408 0.7281250357627869 0.26597222685813904
3246 0.8500000238418579 0.32777777314186096 0.9500000476837158 0.49513888359069824
936 0.6628906726837158 0.09861110895872116 0.7285156846046448 0.2673611044883728
3252 0.8507813215255737 0.3270833194255829 0.9500000476837158 0.4947916567325592
942 0.663281261920929 0.10078124701976776 0.7281250357627869 0.2666666507720947
3270 0.8507813215255737 0.32777777314186096 0.9500000476837158 0.49513888359069824
960 0.6644531488418579 0.1041666641831398 0.7308593988418579 0.2725694477558136
3276 0.8507813215255737 0.32777777314186096 0.9507812857627869 0.49513888359069824
966 0.6656250357627869 0.10520832985639572 0.7312500476837158 0.2743055522441864
3282 0.8500000238418579 0.3263888955116272 0.9507812857627869 0.49513888359069824
990 0.667187511920929 0.11163194477558136 0.733593761920929 0.2796874940395355
3306 0.8492187857627869 0.3263888955116272 0.9500000476837158 0.49513888359069824
996 0.6679688096046448 0.11215277761220932 0.7351562976837158 0.2822916507720947
2148 0.7839844226837158 0.9569444060325623 0.9343750476837158 0.9986110925674438
3312 0.8492187857627869 0.3263888955116272 0.9500000476837158 0.49513888359069824
1002 0.6687500476837158 0.11328125 0.7359375357627869 0.28333333134651184
2172 0.784375011920929 0.9541666507720947 0.9265625476837158 0.9986110925674438
3336 0.8484375476837158 0.3256944417953491 0.9500000476837158 0.49513888359069824
1026 0.671093761920929 0.1193576380610466 0.737500011920929 0.28958332538604736
2178 0.8117188215255737 0.9548611044883728 0.9257813096046448 0.9979166388511658
3342 0.8484375476837158 0.3256944417953491 0.9500000476837158 0.49513888359069824
1032 0.6718750596046448 0.12135416269302368 0.737500011920929 0.29114583134651184
